Days	G0	G25	G50	G75	G100
0	2.532	2.932	3.232	3.55	4.041
1	2.49	2.892	3.196	3.52	4.026
2	2.5	2.904	3.21	3.538	4.049
3	2.516	2.923	3.232	3.562	4.079
4	2.536	2.945	3.256	3.589	4.11
5	2.558	2.969	3.282	3.618	4.144
6	2.581	2.995	3.31	3.648	4.178
7	2.605	3.022	3.339	3.68	4.214
8	2.63	3.05	3.369	3.712	4.25
9	2.656	3.078	3.4	3.745	4.287
10	2.683	3.108	3.431	3.779	4.326
11	2.711	3.139	3.464	3.815	4.365
12	2.74	3.17	3.498	3.851	4.406
13	2.77	3.203	3.533	3.889	4.448
14	2.801	3.237	3.569	3.928	4.491
15	2.832	3.271	3.606	3.967	4.535
16	2.864	3.306	3.644	4.008	4.58
17	2.896	3.342	3.682	4.048	4.625
18	2.929	3.378	3.72	4.089	4.671
19	2.961	3.413	3.758	4.131	4.716
20	2.994	3.449	3.797	4.172	4.762
21	3.026	3.485	3.835	4.213	4.808
22	3.059	3.521	3.874	4.254	4.853
23	3.091	3.556	3.912	4.295	4.899
24	3.124	3.592	3.95	4.335	4.944
25	3.156	3.627	3.987	4.376	4.988
26	3.188	3.662	4.025	4.416	5.033
27	3.219	3.697	4.062	4.456	5.077
28	3.251	3.731	4.099	4.495	5.12
29	3.282	3.766	4.135	4.534	5.164
30	3.313	3.8	4.172	4.573	5.207
31	3.343	3.833	4.208	4.612	5.249
32	3.374	3.866	4.243	4.65	5.291
33	3.404	3.899	4.278	4.687	5.333
34	3.434	3.932	4.313	4.725	5.374
35	3.463	3.964	4.348	4.762	5.415
36	3.492	3.996	4.382	4.798	5.456
37	3.521	4.028	4.416	4.834	5.495
38	3.55	4.059	4.449	4.87	5.535
39	3.578	4.09	4.482	4.905	5.574
40	3.606	4.121	4.515	4.94	5.613
41	3.634	4.151	4.547	4.975	5.651
42	3.661	4.181	4.579	5.009	5.689
43	3.688	4.211	4.611	5.043	5.726
44	3.715	4.241	4.643	5.077	5.763
45	3.742	4.27	4.674	5.11	5.8
46	3.768	4.299	4.704	5.143	5.837
47	3.795	4.327	4.735	5.176	5.873
48	3.82	4.356	4.765	5.208	5.908
49	3.846	4.384	4.795	5.24	5.944
50	3.871	4.411	4.825	5.271	5.978
51	3.896	4.439	4.854	5.303	6.013
52	3.921	4.466	4.883	5.334	6.047
53	3.946	4.493	4.912	5.364	6.081
54	3.97	4.519	4.94	5.395	6.115
55	3.994	4.546	4.968	5.425	6.148
56	4.018	4.572	4.996	5.455	6.181
57	4.042	4.598	5.024	5.484	6.213
58	4.065	4.623	5.051	5.513	6.246
59	4.089	4.649	5.078	5.542	6.278
60	4.112	4.674	5.105	5.571	6.31
61	4.135	4.699	5.132	5.6	6.341
62	4.157	4.724	5.158	5.628	6.372
63	4.18	4.748	5.184	5.656	6.403
64	4.202	4.773	5.21	5.684	6.434
65	4.224	4.797	5.236	5.711	6.465
66	4.246	4.821	5.262	5.739	6.495
67	4.268	4.845	5.287	5.766	6.525
68	4.289	4.868	5.312	5.793	6.555
69	4.311	4.892	5.337	5.819	6.584
70	4.332	4.915	5.362	5.846	6.614
71	4.353	4.938	5.386	5.872	6.643
72	4.374	4.961	5.411	5.898	6.672
73	4.394	4.983	5.435	5.924	6.7
74	4.415	5.006	5.459	5.95	6.728
75	4.435	5.028	5.483	5.975	6.757
76	4.455	5.05	5.506	6	6.785
77	4.475	5.072	5.53	6.025	6.812
78	4.495	5.094	5.553	6.05	6.84
79	4.515	5.115	5.576	6.075	6.867
80	4.535	5.137	5.599	6.099	6.894
81	4.554	5.158	5.621	6.124	6.921
82	4.573	5.179	5.644	6.148	6.948
83	4.592	5.2	5.666	6.172	6.975
84	4.611	5.221	5.688	6.195	7.001
85	4.63	5.241	5.71	6.219	7.027
86	4.649	5.262	5.732	6.243	7.053
87	4.667	5.282	5.754	6.266	7.079
88	4.686	5.302	5.776	6.289	7.105
89	4.704	5.322	5.797	6.312	7.13
90	4.722	5.342	5.818	6.335	7.155
91	4.74	5.362	5.839	6.357	7.18
92	4.758	5.382	5.86	6.38	7.205
93	4.776	5.401	5.881	6.402	7.23
94	4.794	5.42	5.902	6.424	7.255
95	4.811	5.44	5.922	6.446	7.279
96	4.829	5.459	5.943	6.468	7.303
97	4.846	5.478	5.963	6.49	7.328
98	4.863	5.496	5.983	6.511	7.352
99	4.88	5.515	6.003	6.533	7.375
100	4.897	5.534	6.023	6.554	7.399
101	4.914	5.552	6.043	6.575	7.423
102	4.931	5.57	6.062	6.596	7.446
103	4.947	5.589	6.082	6.617	7.469
104	4.964	5.607	6.101	6.638	7.492
105	4.98	5.625	6.12	6.658	7.515
106	4.996	5.643	6.139	6.679	7.538
107	5.013	5.66	6.158	6.699	7.561
108	5.029	5.678	6.177	6.72	7.583
109	5.045	5.695	6.196	6.74	7.605
110	5.061	5.713	6.214	6.759	7.627
111	5.076	5.73	6.233	6.779	7.65
112	5.092	5.747	6.251	6.799	7.671
113	5.107	5.764	6.269	6.818	7.693
114	5.123	5.781	6.287	6.838	7.715
115	5.138	5.798	6.305	6.857	7.737
116	5.153	5.814	6.323	6.876	7.758
117	5.168	5.831	6.341	6.895	7.779
118	5.183	5.848	6.359	6.914	7.8
119	5.198	5.864	6.376	6.933	7.821
120	5.213	5.88	6.394	6.952	7.842
121	5.228	5.896	6.411	6.97	7.863
122	5.242	5.912	6.428	6.989	7.883
123	5.257	5.928	6.445	7.007	7.904
124	5.271	5.944	6.462	7.025	7.924
125	5.286	5.96	6.479	7.043	7.944
126	5.3	5.975	6.496	7.062	7.964
127	5.314	5.991	6.512	7.079	7.984
128	5.328	6.006	6.529	7.097	8.004
129	5.342	6.022	6.545	7.115	8.024
130	5.356	6.037	6.562	7.132	8.043
131	5.37	6.052	6.578	7.15	8.063
132	5.384	6.067	6.594	7.167	8.082
133	5.397	6.082	6.61	7.184	8.102
134	5.411	6.097	6.626	7.202	8.121
135	5.424	6.112	6.642	7.218	8.14
136	5.438	6.126	6.657	7.235	8.158
137	5.451	6.141	6.673	7.252	8.177
138	5.464	6.155	6.688	7.269	8.196
139	5.477	6.17	6.704	7.286	8.215
140	5.49	6.184	6.719	7.302	8.233
141	5.503	6.198	6.734	7.318	8.251
142	5.516	6.212	6.75	7.335	8.269
143	5.529	6.227	6.765	7.351	8.288
144	5.541	6.24	6.78	7.367	8.306
145	5.554	6.254	6.794	7.383	8.324
146	5.567	6.268	6.809	7.399	8.341
147	5.579	6.282	6.824	7.415	8.359
148	5.591	6.295	6.838	7.43	8.377
149	5.604	6.309	6.853	7.446	8.394
150	5.616	6.322	6.867	7.461	8.412
151	5.628	6.336	6.882	7.477	8.429
152	5.64	6.349	6.896	7.492	8.446
153	5.652	6.362	6.91	7.507	8.463
154	5.664	6.375	6.924	7.523	8.48
155	5.676	6.388	6.938	7.538	8.497
156	5.688	6.401	6.952	7.553	8.514
157	5.699	6.414	6.966	7.568	8.531
158	5.711	6.427	6.98	7.582	8.547
159	5.723	6.44	6.993	7.597	8.564
160	5.734	6.452	7.007	7.612	8.58
161	5.746	6.465	7.021	7.626	8.597
162	5.757	6.478	7.034	7.641	8.613
163	5.768	6.49	7.047	7.656	8.629
164	5.78	6.502	7.061	7.67	8.645
165	5.791	6.515	7.074	7.684	8.662
166	5.802	6.527	7.087	7.698	8.678
167	5.813	6.539	7.1	7.713	8.694
168	5.824	6.551	7.113	7.727	8.709
169	5.835	6.563	7.126	7.741	8.725
170	5.846	6.576	7.139	7.755	8.741
171	5.857	6.587	7.152	7.769	8.756
172	5.868	6.599	7.165	7.782	8.772
173	5.878	6.611	7.178	7.796	8.787
174	5.889	6.623	7.19	7.81	8.803
175	5.9	6.635	7.203	7.823	8.818
176	5.91	6.646	7.215	7.837	8.833
177	5.921	6.658	7.228	7.85	8.849
178	5.931	6.669	7.24	7.864	8.864
179	5.942	6.681	7.253	7.877	8.879
180	5.952	6.692	7.265	7.89	8.894
181	5.962	6.704	7.277	7.904	8.909
182	5.972	6.715	7.289	7.917	8.924
183	5.983	6.726	7.302	7.93	8.939
184	5.993	6.738	7.314	7.943	8.953
185	6.003	6.749	7.326	7.956	8.968
186	6.013	6.76	7.338	7.969	8.983
187	6.023	6.771	7.35	7.982	8.997
188	6.033	6.782	7.361	7.995	9.012
189	6.043	6.793	7.373	8.008	9.026
190	6.053	6.804	7.385	8.02	9.04
191	6.062	6.815	7.397	8.033	9.055
192	6.072	6.825	7.408	8.045	9.069
193	6.082	6.836	7.42	8.058	9.083
194	6.092	6.847	7.431	8.071	9.097
195	6.101	6.857	7.443	8.083	9.111
196	6.111	6.868	7.454	8.095	9.125
197	6.12	6.879	7.466	8.108	9.14
198	6.13	6.889	7.477	8.12	9.153
199	6.139	6.9	7.488	8.132	9.167
200	6.149	6.91	7.5	8.144	9.181
201	6.158	6.92	7.511	8.157	9.195
202	6.167	6.931	7.522	8.169	9.209
203	6.177	6.941	7.533	8.181	9.222
204	6.186	6.951	7.544	8.193	9.236
205	6.195	6.961	7.555	8.205	9.249
206	6.204	6.972	7.566	8.217	9.263
207	6.213	6.982	7.577	8.228	9.276
208	6.222	6.992	7.588	8.24	9.29
209	6.231	7.002	7.599	8.252	9.303
210	6.241	7.012	7.609	8.264	9.316
211	6.249	7.022	7.62	8.275	9.33
212	6.258	7.032	7.631	8.287	9.343
213	6.267	7.041	7.642	8.299	9.356
214	6.276	7.051	7.652	8.31	9.369
215	6.285	7.061	7.663	8.322	9.382
216	6.294	7.071	7.673	8.333	9.395
217	6.302	7.08	7.684	8.345	9.408
218	6.311	7.09	7.694	8.356	9.421
219	6.32	7.1	7.705	8.367	9.434
220	6.328	7.109	7.715	8.379	9.447
221	6.337	7.119	7.725	8.39	9.46
222	6.346	7.128	7.736	8.401	9.473
223	6.354	7.138	7.746	8.412	9.485
224	6.363	7.147	7.756	8.423	9.498
225	6.371	7.157	7.766	8.434	9.511
226	6.38	7.166	7.777	8.446	9.523
227	6.388	7.175	7.787	8.457	9.536
228	6.396	7.185	7.797	8.468	9.548
229	6.405	7.194	7.807	8.478	9.561
230	6.413	7.203	7.817	8.489	9.573
231	6.421	7.213	7.827	8.5	9.586
232	6.43	7.222	7.837	8.511	9.598
233	6.438	7.231	7.847	8.522	9.61
234	6.446	7.24	7.857	8.533	9.623
235	6.454	7.249	7.866	8.543	9.635
236	6.462	7.258	7.876	8.554	9.647
237	6.47	7.267	7.886	8.565	9.659
238	6.478	7.276	7.896	8.575	9.672
239	6.486	7.285	7.905	8.586	9.684
240	6.494	7.294	7.915	8.596	9.696
241	6.502	7.303	7.925	8.607	9.708
242	6.51	7.312	7.934	8.617	9.72
243	6.518	7.321	7.944	8.628	9.732
244	6.526	7.329	7.953	8.638	9.743
245	6.534	7.338	7.963	8.649	9.755
246	6.542	7.347	7.972	8.659	9.767
247	6.55	7.356	7.982	8.669	9.779
248	6.557	7.364	7.991	8.68	9.791
249	6.565	7.373	8.001	8.69	9.803
250	6.573	7.381	8.01	8.7	9.814
251	6.58	7.39	8.019	8.71	9.826
252	6.588	7.398	8.029	8.72	9.837
253	6.596	7.407	8.038	8.73	9.849
254	6.603	7.416	8.047	8.741	9.861
255	6.611	7.424	8.056	8.751	9.872
256	6.618	7.432	8.066	8.761	9.884
257	6.626	7.441	8.075	8.771	9.895
258	6.633	7.449	8.084	8.78	9.906
259	6.641	7.458	8.093	8.79	9.918
260	6.648	7.466	8.102	8.8	9.929
261	6.656	7.474	8.111	8.81	9.941
262	6.663	7.483	8.12	8.82	9.952
263	6.671	7.491	8.129	8.83	9.963
264	6.678	7.499	8.138	8.84	9.974
265	6.685	7.507	8.147	8.849	9.985
266	6.693	7.515	8.156	8.859	9.997
267	6.7	7.524	8.165	8.869	10.008
268	6.707	7.532	8.173	8.878	10.019
269	6.715	7.54	8.182	8.888	10.03
270	6.722	7.548	8.191	8.898	10.041
271	6.729	7.556	8.2	8.907	10.052
272	6.736	7.564	8.209	8.917	10.063
273	6.743	7.572	8.217	8.926	10.074
274	6.75	7.58	8.226	8.936	10.085
275	6.758	7.588	8.235	8.945	10.096
276	6.765	7.596	8.243	8.955	10.107
277	6.772	7.604	8.252	8.964	10.118
278	6.779	7.612	8.261	8.974	10.128
279	6.786	7.62	8.269	8.983	10.139
280	6.793	7.628	8.278	8.992	10.15
281	6.8	7.635	8.286	9.002	10.161
282	6.807	7.643	8.295	9.011	10.171
283	6.814	7.651	8.303	9.02	10.182
284	6.821	7.659	8.312	9.03	10.193
285	6.828	7.667	8.32	9.039	10.203
286	6.835	7.674	8.329	9.048	10.214
287	6.842	7.682	8.337	9.057	10.225
288	6.849	7.69	8.345	9.067	10.235
289	6.855	7.697	8.354	9.076	10.246
290	6.862	7.705	8.362	9.085	10.256
291	6.869	7.713	8.37	9.094	10.267
292	6.876	7.72	8.379	9.103	10.277
293	6.883	7.728	8.387	9.112	10.287
294	6.889	7.736	8.395	9.121	10.298
295	6.896	7.743	8.404	9.13	10.308
296	6.903	7.751	8.412	9.139	10.319
297	6.91	7.758	8.42	9.148	10.329
298	6.916	7.766	8.428	9.157	10.34
299	6.923	7.773	8.436	9.166	10.35
300	6.93	7.781	8.445	9.175	10.36
301	6.936	7.788	8.453	9.184	10.37
302	6.943	7.796	8.461	9.193	10.381
303	6.95	7.803	8.469	9.202	10.391
304	6.956	7.811	8.477	9.211	10.401
305	6.963	7.818	8.485	9.22	10.411
306	6.97	7.825	8.493	9.228	10.421
307	6.976	7.833	8.501	9.237	10.432
308	6.983	7.84	8.509	9.246	10.442
309	6.989	7.848	8.517	9.255	10.452
310	6.996	7.855	8.525	9.264	10.462
311	7.003	7.862	8.533	9.272	10.472
312	7.009	7.869	8.541	9.281	10.482
313	7.016	7.877	8.549	9.29	10.492
314	7.022	7.884	8.557	9.298	10.502
315	7.029	7.891	8.565	9.307	10.512
316	7.035	7.899	8.573	9.316	10.522
317	7.041	7.906	8.581	9.325	10.532
318	7.048	7.913	8.589	9.333	10.542
319	7.054	7.92	8.597	9.342	10.552
320	7.061	7.928	8.604	9.35	10.562
321	7.067	7.935	8.612	9.359	10.572
322	7.074	7.942	8.62	9.368	10.582
323	7.08	7.949	8.628	9.376	10.592
324	7.086	7.956	8.636	9.385	10.601
325	7.093	7.964	8.644	9.393	10.611
326	7.099	7.971	8.651	9.402	10.621
327	7.106	7.978	8.659	9.41	10.631
328	7.112	7.985	8.667	9.419	10.64
329	7.118	7.992	8.675	9.427	10.65
330	7.125	7.999	8.682	9.436	10.66
331	7.131	8.006	8.69	9.444	10.67
332	7.137	8.013	8.698	9.452	10.679
333	7.143	8.02	8.705	9.461	10.689
334	7.15	8.027	8.713	9.469	10.699
335	7.156	8.034	8.721	9.478	10.709
336	7.162	8.041	8.728	9.486	10.718
337	7.169	8.048	8.736	9.495	10.728
338	7.175	8.055	8.744	9.503	10.737
339	7.181	8.062	8.751	9.511	10.747
340	7.187	8.069	8.759	9.52	10.757
341	7.193	8.076	8.766	9.528	10.766
342	7.2	8.083	8.774	9.536	10.776
343	7.206	8.09	8.782	9.544	10.785
344	7.212	8.097	8.789	9.553	10.795
345	7.218	8.104	8.797	9.561	10.805
346	7.225	8.111	8.804	9.569	10.814
347	7.231	8.118	8.812	9.578	10.824
348	7.237	8.125	8.819	9.586	10.833
349	7.243	8.132	8.827	9.594	10.842
350	7.249	8.139	8.834	9.602	10.852
351	7.255	8.146	8.842	9.611	10.862
352	7.262	8.153	8.85	9.619	10.871
353	7.268	8.159	8.857	9.627	10.88
354	7.274	8.166	8.864	9.635	10.89
355	7.28	8.173	8.872	9.643	10.899
356	7.286	8.18	8.879	9.652	10.909
357	7.292	8.187	8.887	9.66	10.918
358	7.298	8.194	8.894	9.668	10.927
359	7.304	8.201	8.902	9.676	10.937
360	7.311	8.207	8.909	9.684	10.946
361	7.317	8.214	8.917	9.692	10.956
362	7.323	8.221	8.924	9.7	10.965
363	7.329	8.228	8.931	9.709	10.974
364	7.335	8.235	8.939	9.717	10.984
365	7.341	8.241	8.946	9.725	10.993
366	7.347	8.248	8.954	9.733	11.002
367	7.353	8.255	8.961	9.741	11.012
368	7.359	8.262	8.968	9.749	11.021
369	7.365	8.268	8.976	9.757	11.03
370	7.371	8.275	8.983	9.765	11.039
371	7.377	8.282	8.99	9.773	11.048
372	7.383	8.289	8.998	9.781	11.058
373	7.389	8.296	9.005	9.789	11.067
374	7.395	8.302	9.013	9.797	11.076
375	7.401	8.309	9.02	9.805	11.085
376	7.407	8.316	9.027	9.813	11.095
377	7.413	8.322	9.034	9.821	11.104
378	7.419	8.329	9.042	9.829	11.113
379	7.425	8.336	9.049	9.837	11.122
380	7.431	8.343	9.056	9.845	11.131
381	7.437	8.349	9.064	9.853	11.14
382	7.443	8.356	9.071	9.861	11.15
383	7.449	8.363	9.078	9.869	11.159
384	7.455	8.369	9.085	9.877	11.168
385	7.461	8.376	9.093	9.885	11.177
386	7.467	8.383	9.1	9.893	11.186
387	7.473	8.389	9.107	9.901	11.195
388	7.479	8.396	9.114	9.909	11.204
389	7.485	8.403	9.122	9.917	11.213
390	7.491	8.409	9.129	9.925	11.223
391	7.497	8.416	9.136	9.932	11.232
392	7.503	8.423	9.143	9.94	11.241
393	7.509	8.429	9.151	9.948	11.25
394	7.515	8.436	9.158	9.956	11.259
395	7.52	8.442	9.165	9.964	11.268
396	7.526	8.449	9.172	9.972	11.277
397	7.532	8.456	9.179	9.98	11.286
398	7.538	8.462	9.187	9.988	11.295
399	7.544	8.469	9.194	9.996	11.304
400	7.55	8.475	9.201	10.003	11.313
401	7.556	8.482	9.208	10.011	11.322
402	7.562	8.489	9.215	10.019	11.331
403	7.568	8.495	9.223	10.027	11.34
404	7.574	8.502	9.23	10.035	11.349
405	7.58	8.509	9.237	10.043	11.358
406	7.585	8.515	9.244	10.05	11.367
407	7.591	8.522	9.251	10.058	11.376
408	7.597	8.528	9.258	10.066	11.385
409	7.603	8.535	9.265	10.074	11.394
410	7.609	8.541	9.273	10.082	11.403
411	7.615	8.548	9.28	10.089	11.412
412	7.621	8.554	9.287	10.097	11.42
413	7.626	8.561	9.294	10.105	11.43
414	7.632	8.568	9.301	10.113	11.438
415	7.638	8.574	9.308	10.12	11.447
416	7.644	8.581	9.315	10.128	11.456
417	7.65	8.587	9.322	10.136	11.465
418	7.656	8.594	9.329	10.144	11.474
419	7.662	8.6	9.337	10.152	11.483
420	7.667	8.607	9.344	10.159	11.492
421	7.673	8.613	9.351	10.167	11.501
422	7.679	8.62	9.358	10.175	11.509
423	7.685	8.626	9.365	10.183	11.518
424	7.691	8.633	9.372	10.19	11.527
425	7.697	8.639	9.379	10.198	11.536
426	7.702	8.646	9.386	10.206	11.545
427	7.708	8.652	9.393	10.213	11.554
428	7.714	8.659	9.4	10.221	11.563
429	7.72	8.665	9.407	10.229	11.571
430	7.726	8.672	9.414	10.237	11.58
431	7.732	8.678	9.421	10.244	11.589
432	7.737	8.685	9.429	10.252	11.598
433	7.743	8.691	9.436	10.26	11.607
434	7.749	8.698	9.443	10.267	11.615
435	7.755	8.704	9.45	10.275	11.624
436	7.761	8.711	9.457	10.283	11.633
437	7.766	8.717	9.464	10.29	11.642
438	7.772	8.724	9.471	10.298	11.651
439	7.778	8.73	9.478	10.306	11.659
440	7.784	8.737	9.485	10.313	11.668
441	7.79	8.743	9.492	10.321	11.677
442	7.795	8.75	9.499	10.329	11.686
443	7.801	8.756	9.506	10.336	11.694
444	7.807	8.763	9.513	10.344	11.703
445	7.813	8.769	9.52	10.352	11.712
446	7.819	8.776	9.527	10.359	11.721
447	7.824	8.782	9.534	10.367	11.73
448	7.83	8.788	9.541	10.375	11.738
449	7.836	8.795	9.548	10.382	11.747
450	7.842	8.801	9.555	10.39	11.756
451	7.847	8.808	9.562	10.398	11.765
452	7.853	8.814	9.569	10.405	11.773
453	7.859	8.821	9.576	10.413	11.782
454	7.865	8.827	9.583	10.42	11.791
455	7.87	8.834	9.59	10.428	11.799
456	7.876	8.84	9.597	10.436	11.808
457	7.882	8.846	9.604	10.443	11.817
458	7.888	8.853	9.611	10.451	11.825
459	7.894	8.859	9.618	10.458	11.834
460	7.899	8.866	9.625	10.466	11.843
461	7.905	8.872	9.632	10.474	11.851
462	7.911	8.879	9.639	10.481	11.86
463	7.917	8.885	9.646	10.489	11.869
464	7.922	8.891	9.653	10.496	11.877
465	7.928	8.898	9.66	10.504	11.886
466	7.934	8.904	9.667	10.512	11.895
467	7.94	8.911	9.674	10.519	11.904
468	7.945	8.917	9.681	10.527	11.912
469	7.951	8.923	9.687	10.534	11.921
470	7.957	8.93	9.694	10.542	11.93
471	7.963	8.936	9.701	10.549	11.938
472	7.968	8.943	9.708	10.557	11.947
473	7.974	8.949	9.715	10.565	11.955
474	7.98	8.956	9.722	10.572	11.964
475	7.985	8.962	9.729	10.58	11.973
476	7.991	8.968	9.736	10.587	11.982
477	7.997	8.975	9.743	10.595	11.99
478	8.003	8.981	9.75	10.603	11.999
479	8.008	8.987	9.757	10.61	12.007
480	8.014	8.994	9.764	10.618	12.016
481	8.02	9	9.771	10.625	12.025
482	8.026	9.007	9.778	10.633	12.033
483	8.031	9.013	9.785	10.64	12.042
484	8.037	9.019	9.792	10.648	12.051
485	8.043	9.026	9.799	10.655	12.059
486	8.048	9.032	9.805	10.663	12.068
487	8.054	9.039	9.812	10.671	12.077
488	8.06	9.045	9.819	10.678	12.085
489	8.066	9.051	9.826	10.686	12.094
490	8.071	9.058	9.833	10.693	12.102
491	8.077	9.064	9.84	10.701	12.111
492	8.083	9.071	9.847	10.708	12.12
493	8.089	9.077	9.854	10.716	12.128
494	8.094	9.083	9.861	10.723	12.137
495	8.1	9.09	9.868	10.731	12.145
496	8.106	9.096	9.875	10.738	12.154
497	8.111	9.102	9.882	10.746	12.163
498	8.117	9.109	9.889	10.754	12.171
499	8.123	9.115	9.895	10.761	12.18
500	8.128	9.121	9.902	10.769	12.188
501	8.134	9.128	9.909	10.776	12.197
502	8.14	9.134	9.916	10.784	12.206
503	8.146	9.141	9.923	10.791	12.214
504	8.151	9.147	9.93	10.799	12.223
505	8.157	9.153	9.937	10.806	12.231
506	8.163	9.16	9.944	10.814	12.24
507	8.168	9.166	9.951	10.821	12.249
508	8.174	9.172	9.958	10.829	12.257
509	8.18	9.179	9.964	10.836	12.266
510	8.185	9.185	9.971	10.844	12.274
511	8.191	9.191	9.978	10.851	12.283
512	8.197	9.198	9.985	10.859	12.291
513	8.202	9.204	9.992	10.866	12.3
514	8.208	9.211	9.999	10.874	12.309
515	8.214	9.217	10.006	10.881	12.317
516	8.22	9.223	10.013	10.889	12.326
517	8.225	9.23	10.02	10.896	12.334
518	8.231	9.236	10.027	10.904	12.343
519	8.237	9.242	10.033	10.912	12.352
520	8.242	9.249	10.04	10.919	12.36
521	8.248	9.255	10.047	10.926	12.369
522	8.254	9.261	10.054	10.934	12.377
523	8.259	9.268	10.061	10.941	12.386
524	8.265	9.274	10.068	10.949	12.394
525	8.271	9.28	10.075	10.956	12.403
526	8.276	9.287	10.082	10.964	12.411
527	8.282	9.293	10.088	10.971	12.42
528	8.288	9.299	10.095	10.979	12.429
529	8.293	9.306	10.102	10.986	12.437
530	8.299	9.312	10.109	10.994	12.446
531	8.305	9.318	10.116	11.001	12.454
532	8.31	9.325	10.123	11.009	12.463
533	8.316	9.331	10.13	11.016	12.471
534	8.322	9.337	10.137	11.024	12.48
535	8.327	9.344	10.143	11.031	12.488
536	8.333	9.35	10.15	11.039	12.497
537	8.339	9.356	10.157	11.046	12.505
538	8.344	9.363	10.164	11.054	12.514
539	8.35	9.369	10.171	11.061	12.522
540	8.356	9.375	10.178	11.069	12.531
541	8.361	9.382	10.185	11.076	12.54
542	8.367	9.388	10.191	11.084	12.548
543	8.372	9.394	10.198	11.091	12.557
544	8.378	9.4	10.205	11.099	12.565
545	8.384	9.407	10.212	11.106	12.574
546	8.389	9.413	10.219	11.114	12.582
547	8.395	9.419	10.226	11.121	12.591
548	8.401	9.426	10.232	11.128	12.599
549	8.406	9.432	10.239	11.136	12.608
550	8.412	9.438	10.246	11.143	12.616
551	8.418	9.444	10.253	11.151	12.625
552	8.423	9.451	10.26	11.158	12.633
553	8.429	9.457	10.267	11.166	12.642
554	8.434	9.463	10.273	11.173	12.65
555	8.44	9.47	10.28	11.181	12.659
556	8.446	9.476	10.287	11.188	12.667
557	8.451	9.482	10.294	11.196	12.676
558	8.457	9.489	10.301	11.203	12.684
559	8.463	9.495	10.308	11.21	12.693
560	8.468	9.501	10.314	11.218	12.701
561	8.474	9.507	10.321	11.225	12.71
562	8.479	9.514	10.328	11.233	12.719
563	8.485	9.52	10.335	11.24	12.727
564	8.491	9.526	10.342	11.248	12.735
565	8.496	9.533	10.349	11.255	12.744
566	8.502	9.539	10.355	11.263	12.753
567	8.507	9.545	10.362	11.27	12.761
568	8.513	9.551	10.369	11.277	12.77
569	8.519	9.558	10.376	11.285	12.778
570	8.524	9.564	10.383	11.292	12.786
571	8.53	9.57	10.39	11.3	12.795
572	8.535	9.576	10.396	11.307	12.804
573	8.541	9.583	10.403	11.315	12.812
574	8.547	9.589	10.41	11.322	12.821
575	8.552	9.595	10.417	11.33	12.829
576	8.558	9.602	10.424	11.337	12.838
577	8.563	9.608	10.43	11.345	12.846
578	8.569	9.614	10.437	11.352	12.855
579	8.575	9.62	10.444	11.359	12.863
580	8.58	9.627	10.451	11.367	12.872
581	8.586	9.633	10.458	11.374	12.88
582	8.592	9.639	10.465	11.382	12.889
583	8.597	9.645	10.471	11.389	12.897
584	8.603	9.652	10.478	11.397	12.905
585	8.608	9.658	10.485	11.404	12.914
586	8.614	9.664	10.492	11.411	12.923
587	8.619	9.671	10.499	11.419	12.931
588	8.625	9.677	10.505	11.426	12.939
589	8.631	9.683	10.512	11.434	12.948
590	8.636	9.689	10.519	11.441	12.957
591	8.642	9.696	10.526	11.449	12.965
592	8.647	9.702	10.533	11.456	12.974
593	8.653	9.708	10.539	11.463	12.982
594	8.658	9.714	10.546	11.471	12.99
595	8.664	9.721	10.553	11.478	12.999
596	8.67	9.727	10.56	11.486	13.008
597	8.675	9.733	10.567	11.493	13.016
598	8.681	9.739	10.573	11.5	13.024
599	8.686	9.746	10.58	11.508	13.033
600	8.692	9.752	10.587	11.515	13.042
601	8.698	9.758	10.594	11.523	13.05
602	8.703	9.764	10.601	11.53	13.058
603	8.709	9.771	10.607	11.538	13.067
604	8.714	9.777	10.614	11.545	13.075
605	8.72	9.783	10.621	11.552	13.084
606	8.725	9.789	10.628	11.56	13.093
607	8.731	9.796	10.635	11.567	13.101
608	8.737	9.802	10.641	11.575	13.109
609	8.742	9.808	10.648	11.582	13.118
610	8.748	9.814	10.655	11.59	13.126
611	8.753	9.821	10.662	11.597	13.135
612	8.759	9.827	10.669	11.605	13.144
613	8.764	9.833	10.675	11.612	13.152
614	8.77	9.839	10.682	11.619	13.16
615	8.775	9.845	10.689	11.627	13.169
616	8.781	9.852	10.696	11.634	13.178
617	8.787	9.858	10.703	11.642	13.186
618	8.792	9.864	10.709	11.649	13.195
619	8.798	9.87	10.716	11.657	13.203
620	8.803	9.877	10.723	11.664	13.211
621	8.809	9.883	10.73	11.671	13.22
622	8.814	9.889	10.737	11.679	13.229
623	8.82	9.895	10.743	11.686	13.237
624	8.826	9.902	10.75	11.694	13.246
625	8.831	9.908	10.757	11.701	13.254
626	8.837	9.914	10.764	11.709	13.263
627	8.842	9.92	10.771	11.716	13.271
628	8.848	9.927	10.777	11.723	13.28
629	8.853	9.933	10.784	11.731	13.288
630	8.859	9.939	10.791	11.738	13.297
631	8.864	9.945	10.798	11.746	13.305
632	8.87	9.952	10.805	11.753	13.314
633	8.876	9.958	10.811	11.761	13.322
634	8.881	9.964	10.818	11.768	13.331
635	8.887	9.97	10.825	11.775	13.339
636	8.892	9.977	10.832	11.783	13.348
637	8.898	9.983	10.839	11.79	13.356
638	8.903	9.989	10.845	11.798	13.365
639	8.909	9.995	10.852	11.805	13.373
640	8.914	10.002	10.859	11.813	13.382
641	8.92	10.008	10.866	11.82	13.391
642	8.926	10.014	10.873	11.828	13.399
643	8.931	10.02	10.879	11.835	13.408
644	8.937	10.027	10.886	11.842	13.416
645	8.942	10.033	10.893	11.85	13.425
646	8.948	10.039	10.9	11.857	13.433
647	8.953	10.045	10.907	11.865	13.442
648	8.959	10.051	10.913	11.872	13.45
649	8.964	10.058	10.92	11.88	13.459
650	8.97	10.064	10.927	11.887	13.467
651	8.975	10.07	10.934	11.895	13.476
652	8.981	10.077	10.941	11.902	13.485
653	8.987	10.083	10.947	11.91	13.493
654	8.992	10.089	10.954	11.917	13.502
655	8.998	10.095	10.961	11.925	13.51
656	9.003	10.102	10.968	11.932	13.519
657	9.009	10.108	10.975	11.94	13.528
658	9.014	10.114	10.982	11.947	13.536
659	9.02	10.12	10.988	11.954	13.545
660	9.025	10.126	10.995	11.962	13.553
661	9.031	10.133	11.002	11.969	13.562
662	9.037	10.139	11.009	11.977	13.57
663	9.042	10.145	11.016	11.984	13.579
664	9.048	10.152	11.022	11.992	13.587
665	9.053	10.158	11.029	11.999	13.596
666	9.059	10.164	11.036	12.007	13.604
667	9.064	10.17	11.043	12.014	13.613
668	9.07	10.176	11.05	12.022	13.622
669	9.075	10.183	11.057	12.029	13.63
670	9.081	10.189	11.063	12.037	13.639
671	9.087	10.195	11.07	12.044	13.648
672	9.092	10.202	11.077	12.052	13.656
673	9.098	10.208	11.084	12.059	13.665
674	9.103	10.214	11.091	12.066	13.673
675	9.109	10.22	11.098	12.074	13.682
676	9.114	10.227	11.104	12.081	13.691
677	9.12	10.233	11.111	12.089	13.699
678	9.125	10.239	11.118	12.096	13.708
679	9.131	10.245	11.125	12.104	13.716
680	9.136	10.252	11.132	12.111	13.725
681	9.142	10.258	11.138	12.119	13.734
682	9.147	10.264	11.145	12.126	13.742
683	9.153	10.27	11.152	12.134	13.751
684	9.158	10.277	11.159	12.141	13.759
685	9.164	10.283	11.166	12.149	13.768
686	9.17	10.289	11.173	12.156	13.777
687	9.175	10.295	11.18	12.164	13.785
688	9.181	10.302	11.186	12.171	13.794
689	9.186	10.308	11.193	12.179	13.803
690	9.192	10.314	11.2	12.186	13.811
691	9.197	10.32	11.207	12.194	13.82
692	9.203	10.327	11.214	12.201	13.829
693	9.209	10.333	11.221	12.209	13.837
694	9.214	10.339	11.227	12.216	13.846
695	9.22	10.345	11.234	12.224	13.854
696	9.225	10.352	11.241	12.231	13.863
697	9.231	10.358	11.248	12.239	13.872
698	9.236	10.364	11.255	12.246	13.88
699	9.242	10.371	11.262	12.254	13.889
700	9.247	10.377	11.268	12.261	13.898
701	9.253	10.383	11.275	12.269	13.906
702	9.258	10.389	11.282	12.276	13.915
703	9.264	10.396	11.289	12.284	13.923
704	9.27	10.402	11.296	12.291	13.932
705	9.275	10.408	11.303	12.299	13.941
706	9.281	10.414	11.31	12.307	13.949
707	9.286	10.421	11.316	12.314	13.958
708	9.292	10.427	11.323	12.322	13.967
709	9.297	10.433	11.33	12.329	13.975
710	9.303	10.439	11.337	12.337	13.984
711	9.308	10.446	11.344	12.344	13.993
712	9.314	10.452	11.351	12.352	14.001
713	9.32	10.458	11.358	12.359	14.01
714	9.325	10.465	11.364	12.367	14.019
715	9.331	10.471	11.371	12.374	14.027
716	9.336	10.477	11.378	12.382	14.036
717	9.342	10.483	11.385	12.389	14.045
718	9.347	10.49	11.392	12.397	14.053
719	9.353	10.496	11.399	12.404	14.062
720	9.358	10.502	11.406	12.412	14.071
721	9.364	10.508	11.412	12.419	14.079
722	9.369	10.515	11.419	12.427	14.088
723	9.375	10.521	11.426	12.434	14.097
724	9.381	10.527	11.433	12.442	14.105
725	9.386	10.533	11.44	12.449	14.114
726	9.392	10.54	11.447	12.457	14.123
727	9.397	10.546	11.454	12.465	14.131
728	9.403	10.552	11.46	12.472	14.14
729	9.408	10.559	11.467	12.48	14.149
730	9.414	10.565	11.474	12.487	14.157
731	9.419	10.571	11.481	12.495	14.166
732	9.425	10.577	11.488	12.502	14.175
733	9.43	10.584	11.495	12.51	14.184
734	9.436	10.59	11.502	12.517	14.192
735	9.442	10.596	11.508	12.525	14.201
736	9.447	10.602	11.515	12.532	14.21
737	9.453	10.609	11.522	12.54	14.218
738	9.458	10.615	11.529	12.547	14.227
739	9.464	10.621	11.536	12.555	14.236
740	9.469	10.628	11.543	12.563	14.244
741	9.475	10.634	11.55	12.57	14.253
742	9.48	10.64	11.556	12.578	14.262
743	9.486	10.646	11.563	12.585	14.27
744	9.491	10.653	11.57	12.593	14.279
745	9.497	10.659	11.577	12.6	14.288
746	9.502	10.665	11.584	12.608	14.297
747	9.508	10.671	11.591	12.615	14.305
748	9.513	10.678	11.598	12.623	14.314
749	9.519	10.684	11.605	12.63	14.323
750	9.524	10.69	11.611	12.638	14.331
751	9.53	10.696	11.618	12.646	14.34
752	9.536	10.703	11.625	12.653	14.349
753	9.541	10.709	11.632	12.661	14.357
754	9.547	10.715	11.639	12.668	14.366
755	9.552	10.722	11.646	12.676	14.375
756	9.558	10.728	11.653	12.683	14.384
757	9.563	10.734	11.659	12.691	14.392
758	9.569	10.74	11.666	12.698	14.401
759	9.574	10.747	11.673	12.706	14.41
760	9.58	10.753	11.68	12.713	14.418
761	9.585	10.759	11.687	12.721	14.427
762	9.591	10.765	11.694	12.729	14.436
763	9.596	10.772	11.701	12.736	14.444
764	9.602	10.778	11.707	12.744	14.453
765	9.607	10.784	11.714	12.751	14.462
766	9.613	10.79	11.721	12.759	14.471
767	9.618	10.797	11.728	12.766	14.479
768	9.624	10.803	11.735	12.774	14.488
769	9.629	10.809	11.742	12.781	14.497
770	9.635	10.815	11.749	12.789	14.505
771	9.64	10.822	11.755	12.796	14.514
772	9.646	10.828	11.762	12.804	14.523
773	9.651	10.834	11.769	12.811	14.532
774	9.657	10.84	11.776	12.819	14.54
775	9.662	10.847	11.783	12.826	14.549
776	9.668	10.853	11.79	12.834	14.558
777	9.673	10.859	11.796	12.842	14.567
778	9.679	10.865	11.803	12.849	14.575
779	9.685	10.872	11.81	12.857	14.584
780	9.69	10.878	11.817	12.864	14.593
781	9.695	10.884	11.824	12.872	14.601
782	9.701	10.89	11.831	12.879	14.61
783	9.706	10.897	11.838	12.887	14.619
784	9.712	10.903	11.844	12.894	14.628
785	9.717	10.909	11.851	12.902	14.636
786	9.723	10.915	11.858	12.909	14.645
787	9.728	10.921	11.865	12.917	14.654
788	9.734	10.928	11.872	12.925	14.663
789	9.739	10.934	11.879	12.932	14.671
790	9.745	10.94	11.885	12.939	14.68
791	9.75	10.946	11.892	12.947	14.689
792	9.756	10.953	11.899	12.955	14.697
793	9.761	10.959	11.906	12.962	14.706
794	9.767	10.965	11.913	12.97	14.715
795	9.772	10.971	11.919	12.977	14.723
796	9.778	10.978	11.926	12.985	14.732
797	9.783	10.984	11.933	12.992	14.741
798	9.789	10.99	11.94	13	14.749
799	9.794	10.996	11.947	13.007	14.758
800	9.799	11.002	11.954	13.015	14.767
801	9.805	11.008	11.96	13.022	14.775
802	9.81	11.015	11.967	13.03	14.784
803	9.816	11.021	11.974	13.037	14.793
804	9.821	11.027	11.981	13.045	14.802
805	9.827	11.033	11.988	13.052	14.81
806	9.832	11.04	11.994	13.06	14.819
807	9.838	11.046	12.001	13.067	14.828
808	9.843	11.052	12.008	13.075	14.836
809	9.848	11.058	12.015	13.082	14.845
810	9.854	11.064	12.022	13.09	14.854
811	9.859	11.07	12.028	13.097	14.862
812	9.865	11.077	12.035	13.105	14.871
813	9.87	11.083	12.042	13.112	14.88
814	9.876	11.089	12.049	13.12	14.888
815	9.881	11.095	12.055	13.127	14.897
816	9.886	11.101	12.062	13.135	14.906
817	9.892	11.107	12.069	13.142	14.915
818	9.897	11.114	12.076	13.15	14.923
819	9.902	11.12	12.083	13.157	14.932
820	9.908	11.126	12.089	13.164	14.941
821	9.913	11.132	12.096	13.172	14.949
822	9.919	11.138	12.103	13.179	14.958
823	9.924	11.144	12.11	13.187	14.967
824	9.929	11.15	12.116	13.194	14.975
825	9.935	11.157	12.123	13.202	14.984
826	9.94	11.163	12.13	13.209	14.992
827	9.946	11.169	12.137	13.217	15.001
828	9.951	11.175	12.143	13.224	15.01
829	9.956	11.181	12.15	13.232	15.019
830	9.962	11.187	12.157	13.239	15.027
831	9.967	11.193	12.164	13.246	15.036
832	9.972	11.199	12.17	13.254	15.044
833	9.978	11.206	12.177	13.261	15.053
834	9.983	11.212	12.184	13.269	15.062
835	9.989	11.218	12.19	13.276	15.07
836	9.994	11.224	12.197	13.283	15.079
837	9.999	11.23	12.204	13.291	15.088
838	10.004	11.236	12.211	13.298	15.096
839	10.01	11.242	12.217	13.306	15.105
840	10.015	11.248	12.224	13.313	15.114
841	10.021	11.254	12.231	13.321	15.122
842	10.026	11.26	12.237	13.328	15.131
843	10.031	11.266	12.244	13.335	15.139
844	10.036	11.272	12.251	13.343	15.148
845	10.042	11.279	12.258	13.35	15.157
846	10.047	11.285	12.264	13.358	15.165
847	10.052	11.291	12.271	13.365	15.174
848	10.058	11.297	12.278	13.372	15.182
849	10.063	11.303	12.284	13.38	15.191
850	10.068	11.309	12.291	13.387	15.2
851	10.074	11.315	12.298	13.395	15.208
852	10.079	11.321	12.304	13.402	15.217
853	10.084	11.327	12.311	13.409	15.225
854	10.089	11.333	12.318	13.417	15.234
855	10.095	11.339	12.324	13.424	15.243
856	10.1	11.345	12.331	13.431	15.251
857	10.105	11.351	12.338	13.439	15.26
858	10.111	11.357	12.344	13.446	15.268
859	10.116	11.363	12.351	13.454	15.277
860	10.121	11.369	12.358	13.461	15.286
861	10.126	11.375	12.364	13.468	15.294
862	10.132	11.381	12.371	13.476	15.303
863	10.137	11.387	12.377	13.483	15.311
864	10.142	11.393	12.384	13.49	15.32
865	10.147	11.399	12.391	13.498	15.328
866	10.153	11.405	12.397	13.505	15.337
867	10.158	11.411	12.404	13.512	15.346
868	10.163	11.417	12.411	13.52	15.354
869	10.168	11.423	12.417	13.527	15.363
870	10.174	11.429	12.424	13.534	15.371
871	10.179	11.435	12.43	13.542	15.38
872	10.184	11.441	12.437	13.549	15.388
873	10.189	11.447	12.444	13.556	15.397
874	10.194	11.453	12.45	13.563	15.405
875	10.2	11.459	12.457	13.571	15.414
876	10.205	11.465	12.463	13.578	15.422
877	10.21	11.471	12.47	13.585	15.431
878	10.215	11.477	12.477	13.593	15.44
879	10.22	11.483	12.483	13.6	15.448
880	10.226	11.489	12.49	13.607	15.456
881	10.231	11.495	12.496	13.615	15.465
882	10.236	11.501	12.503	13.622	15.474
883	10.241	11.507	12.509	13.629	15.482
884	10.246	11.513	12.516	13.637	15.491
885	10.252	11.519	12.523	13.644	15.499
886	10.257	11.525	12.529	13.651	15.507
887	10.262	11.531	12.536	13.658	15.516
888	10.267	11.536	12.542	13.666	15.524
889	10.272	11.542	12.549	13.673	15.533
890	10.277	11.548	12.555	13.68	15.542
891	10.282	11.554	12.562	13.687	15.55
892	10.288	11.56	12.568	13.695	15.558
893	10.293	11.566	12.575	13.702	15.567
894	10.298	11.572	12.581	13.709	15.575
895	10.303	11.578	12.588	13.716	15.584
896	10.308	11.584	12.594	13.724	15.592
897	10.313	11.59	12.601	13.731	15.601
898	10.318	11.596	12.607	13.738	15.609
899	10.324	11.601	12.614	13.745	15.618
900	10.329	11.607	12.62	13.752	15.626
901	10.334	11.613	12.627	13.76	15.635
902	10.339	11.619	12.633	13.767	15.643
903	10.344	11.625	12.64	13.774	15.652
904	10.349	11.631	12.646	13.781	15.66
905	10.354	11.637	12.653	13.789	15.668
906	10.359	11.643	12.659	13.796	15.677
907	10.364	11.648	12.666	13.803	15.685
908	10.369	11.654	12.672	13.81	15.694
909	10.375	11.66	12.679	13.817	15.702
910	10.38	11.666	12.685	13.825	15.711
911	10.385	11.672	12.692	13.832	15.719
912	10.39	11.678	12.698	13.839	15.727
913	10.395	11.683	12.705	13.846	15.736
914	10.4	11.689	12.711	13.853	15.744
915	10.405	11.695	12.718	13.861	15.753
916	10.41	11.701	12.724	13.868	15.761
917	10.415	11.707	12.731	13.875	15.77
918	10.42	11.713	12.737	13.882	15.778
919	10.425	11.718	12.743	13.889	15.787
920	10.43	11.724	12.75	13.896	15.795
921	10.435	11.73	12.756	13.904	15.803
922	10.44	11.736	12.763	13.911	15.812
923	10.445	11.742	12.769	13.918	15.82
924	10.45	11.747	12.776	13.925	15.828
925	10.455	11.753	12.782	13.932	15.837
926	10.46	11.759	12.788	13.939	15.845
927	10.465	11.765	12.795	13.946	15.854
928	10.47	11.771	12.801	13.953	15.862
929	10.475	11.776	12.808	13.961	15.871
930	10.48	11.782	12.814	13.968	15.879
931	10.485	11.788	12.82	13.975	15.887
932	10.49	11.794	12.827	13.982	15.896
933	10.495	11.799	12.833	13.989	15.904
934	10.5	11.805	12.84	13.996	15.912
935	10.505	11.811	12.846	14.003	15.921
936	10.51	11.817	12.852	14.011	15.929
937	10.515	11.822	12.859	14.018	15.938
938	10.52	11.828	12.865	14.025	15.946
939	10.525	11.834	12.872	14.032	15.954
940	10.53	11.84	12.878	14.039	15.963
941	10.535	11.845	12.884	14.046	15.971
942	10.54	11.851	12.891	14.053	15.979
943	10.545	11.857	12.897	14.06	15.988
944	10.55	11.862	12.903	14.067	15.996
945	10.555	11.868	12.91	14.074	16.005
946	10.56	11.874	12.916	14.082	16.013
947	10.565	11.88	12.922	14.089	16.021
948	10.57	11.885	12.929	14.096	16.029
949	10.575	11.891	12.935	14.103	16.038
950	10.58	11.897	12.942	14.11	16.046
951	10.585	11.903	12.948	14.117	16.054
952	10.59	11.908	12.954	14.124	16.063
953	10.595	11.914	12.961	14.131	16.071
954	10.599	11.92	12.967	14.138	16.079
955	10.604	11.925	12.973	14.145	16.088
956	10.609	11.931	12.98	14.152	16.096
957	10.614	11.937	12.986	14.159	16.104
958	10.619	11.942	12.992	14.166	16.113
959	10.624	11.948	12.999	14.173	16.121
960	10.629	11.954	13.005	14.181	16.13
961	10.634	11.96	13.011	14.188	16.138
962	10.639	11.965	13.017	14.195	16.146
963	10.644	11.971	13.024	14.202	16.154
964	10.649	11.977	13.03	14.209	16.163
965	10.653	11.982	13.036	14.216	16.171
966	10.658	11.988	13.043	14.223	16.18
967	10.663	11.994	13.049	14.23	16.188
968	10.668	11.999	13.055	14.237	16.196
969	10.673	12.005	13.062	14.244	16.204
970	10.678	12.011	13.068	14.251	16.213
971	10.683	12.016	13.074	14.258	16.221
972	10.688	12.022	13.08	14.265	16.229
973	10.693	12.027	13.087	14.272	16.237
974	10.697	12.033	13.093	14.279	16.246
975	10.702	12.039	13.099	14.286	16.254
976	10.707	12.044	13.106	14.293	16.263
977	10.712	12.05	13.112	14.3	16.271
978	10.717	12.056	13.118	14.307	16.279
979	10.722	12.061	13.125	14.314	16.288
980	10.727	12.067	13.131	14.321	16.296
981	10.731	12.073	13.137	14.328	16.304
982	10.736	12.078	13.143	14.335	16.312
983	10.741	12.084	13.15	14.342	16.321
984	10.746	12.089	13.156	14.349	16.329
985	10.751	12.095	13.162	14.356	16.337
986	10.756	12.101	13.168	14.363	16.346
987	10.76	12.106	13.175	14.37	16.354
988	10.765	12.112	13.181	14.377	16.362
989	10.77	12.118	13.187	14.384	16.371
990	10.775	12.123	13.193	14.391	16.379
991	10.78	12.129	13.2	14.398	16.387
992	10.785	12.134	13.206	14.405	16.395
993	10.79	12.14	13.212	14.412	16.404
994	10.794	12.146	13.219	14.419	16.412
995	10.799	12.151	13.225	14.426	16.42
996	10.804	12.157	13.231	14.433	16.429
997	10.809	12.162	13.237	14.44	16.437
998	10.814	12.168	13.244	14.447	16.445
999	10.818	12.174	13.25	14.454	16.454
1000	10.823	12.179	13.256	14.461	16.462
1001	10.828	12.185	13.262	14.468	16.47
1002	10.833	12.19	13.268	14.475	16.478
1003	10.838	12.196	13.275	14.482	16.487
1004	10.842	12.202	13.281	14.489	16.495
1005	10.847	12.207	13.287	14.496	16.503
1006	10.852	12.213	13.293	14.503	16.511
1007	10.857	12.218	13.3	14.51	16.52
1008	10.862	12.224	13.306	14.517	16.528
1009	10.866	12.23	13.312	14.524	16.537
1010	10.871	12.235	13.318	14.531	16.545
1011	10.876	12.241	13.325	14.538	16.553
1012	10.881	12.246	13.331	14.545	16.561
1013	10.886	12.252	13.337	14.552	16.57
1014	10.89	12.258	13.343	14.559	16.578
1015	10.895	12.263	13.35	14.566	16.586
1016	10.9	12.269	13.356	14.573	16.595
1017	10.905	12.274	13.362	14.58	16.603
1018	10.91	12.28	13.368	14.587	16.611
1019	10.914	12.285	13.374	14.594	16.619
1020	10.919	12.291	13.381	14.601	16.628
1021	10.924	12.296	13.387	14.608	16.636
1022	10.929	12.302	13.393	14.615	16.644
1023	10.933	12.308	13.399	14.622	16.653
1024	10.938	12.313	13.406	14.629	16.661
1025	10.943	12.319	13.412	14.636	16.669
1026	10.948	12.324	13.418	14.643	16.678
1027	10.952	12.33	13.424	14.65	16.686
1028	10.957	12.335	13.43	14.657	16.694
1029	10.962	12.341	13.437	14.664	16.702
1030	10.967	12.347	13.443	14.671	16.711
1031	10.972	12.352	13.449	14.678	16.719
1032	10.976	12.358	13.455	14.685	16.727
1033	10.981	12.363	13.461	14.692	16.736
1034	10.986	12.369	13.468	14.699	16.744
1035	10.991	12.374	13.474	14.706	16.752
1036	10.995	12.38	13.48	14.713	16.761
1037	11	12.385	13.486	14.72	16.769
1038	11.005	12.391	13.493	14.727	16.777
1039	11.009	12.396	13.499	14.734	16.786
1040	11.014	12.402	13.505	14.741	16.794
1041	11.019	12.407	13.511	14.748	16.802
1042	11.024	12.413	13.517	14.755	16.811
1043	11.028	12.419	13.524	14.762	16.819
1044	11.033	12.424	13.53	14.769	16.827
1045	11.038	12.43	13.536	14.776	16.836
1046	11.043	12.435	13.542	14.783	16.844
1047	11.047	12.441	13.548	14.79	16.852
1048	11.052	12.446	13.555	14.797	16.86
1049	11.057	12.452	13.561	14.803	16.869
1050	11.062	12.457	13.567	14.81	16.877
1051	11.066	12.463	13.573	14.817	16.885
1052	11.071	12.468	13.579	14.824	16.894
1053	11.076	12.474	13.586	14.831	16.902
1054	11.08	12.479	13.592	14.838	16.911
1055	11.085	12.485	13.598	14.845	16.919
1056	11.09	12.49	13.604	14.852	16.927
1057	11.095	12.496	13.61	14.859	16.936
1058	11.099	12.502	13.617	14.866	16.944
1059	11.104	12.507	13.623	14.873	16.952
1060	11.109	12.513	13.629	14.88	16.961
1061	11.113	12.518	13.635	14.887	16.969
1062	11.118	12.524	13.641	14.894	16.977
1063	11.123	12.529	13.648	14.901	16.986
1064	11.128	12.535	13.654	14.908	16.994
1065	11.132	12.54	13.66	14.915	17.002
1066	11.137	12.546	13.666	14.922	17.011
1067	11.142	12.551	13.672	14.929	17.019
1068	11.146	12.557	13.679	14.936	17.027
1069	11.151	12.562	13.685	14.943	17.036
1070	11.156	12.568	13.691	14.95	17.044
1071	11.161	12.573	13.697	14.957	17.052
1072	11.165	12.579	13.703	14.964	17.061
1073	11.17	12.584	13.71	14.971	17.069
1074	11.175	12.59	13.716	14.978	17.078
1075	11.179	12.595	13.722	14.985	17.086
1076	11.184	12.601	13.728	14.992	17.094
1077	11.189	12.606	13.734	14.999	17.103
1078	11.193	12.612	13.74	15.006	17.111
1079	11.198	12.617	13.747	15.013	17.119
1080	11.203	12.623	13.753	15.02	17.128
1081	11.208	12.629	13.759	15.027	17.136
1082	11.212	12.634	13.765	15.034	17.145
1083	11.217	12.639	13.771	15.041	17.153
1084	11.222	12.645	13.778	15.048	17.161
1085	11.226	12.651	13.784	15.055	17.17
1086	11.231	12.656	13.79	15.062	17.178
1087	11.236	12.661	13.796	15.069	17.186
1088	11.24	12.667	13.802	15.076	17.195
1089	11.245	12.672	13.809	15.083	17.203
1090	11.25	12.678	13.815	15.09	17.212
1091	11.254	12.684	13.821	15.097	17.22
1092	11.259	12.689	13.827	15.104	17.228
1093	11.264	12.695	13.833	15.111	17.237
1094	11.268	12.7	13.84	15.118	17.245
1095	11.273	12.705	13.846	15.125	17.254
1096	11.278	12.711	13.852	15.132	17.262
1097	11.282	12.716	13.858	15.139	17.27
1098	11.287	12.722	13.864	15.146	17.279
1099	11.292	12.728	13.87	15.153	17.287
1100	11.296	12.733	13.877	15.16	17.296
1101	11.301	12.738	13.883	15.167	17.304
1102	11.306	12.744	13.889	15.174	17.312
1103	11.31	12.749	13.895	15.181	17.321
1104	11.315	12.755	13.901	15.188	17.329
1105	11.32	12.76	13.908	15.195	17.338
1106	11.324	12.766	13.914	15.202	17.346
1107	11.329	12.771	13.92	15.209	17.354
1108	11.334	12.777	13.926	15.216	17.363
1109	11.338	12.782	13.932	15.223	17.371
1110	11.343	12.788	13.938	15.23	17.38
1111	11.348	12.793	13.945	15.237	17.388
1112	11.352	12.799	13.951	15.244	17.396
1113	11.357	12.804	13.957	15.251	17.405
1114	11.361	12.81	13.963	15.258	17.413
1115	11.366	12.815	13.969	15.265	17.422
1116	11.371	12.821	13.976	15.272	17.43
1117	11.375	12.826	13.982	15.279	17.439
1118	11.38	12.832	13.988	15.286	17.447
1119	11.385	12.837	13.994	15.293	17.455
1120	11.389	12.843	14	15.3	17.464
1121	11.394	12.848	14.006	15.307	17.472
1122	11.399	12.854	14.013	15.314	17.481
1123	11.403	12.859	14.019	15.321	17.489
1124	11.408	12.865	14.025	15.328	17.498
1125	11.413	12.87	14.031	15.335	17.506
1126	11.417	12.876	14.037	15.342	17.514
1127	11.422	12.881	14.044	15.349	17.523
1128	11.426	12.887	14.05	15.356	17.531
1129	11.431	12.892	14.056	15.363	17.54
1130	11.436	12.898	14.062	15.37	17.548
1131	11.44	12.903	14.068	15.377	17.557
1132	11.445	12.908	14.074	15.384	17.565
1133	11.45	12.914	14.081	15.391	17.574
1134	11.454	12.919	14.087	15.398	17.582
1135	11.459	12.925	14.093	15.405	17.591
1136	11.463	12.93	14.099	15.412	17.599
1137	11.468	12.936	14.105	15.419	17.608
1138	11.473	12.941	14.112	15.426	17.616
1139	11.477	12.947	14.118	15.433	17.624
1140	11.482	12.952	14.124	15.44	17.633
1141	11.487	12.958	14.13	15.447	17.641
1142	11.491	12.963	14.136	15.454	17.65
1143	11.496	12.969	14.142	15.461	17.658
1144	11.5	12.974	14.149	15.468	17.667
1145	11.505	12.979	14.155	15.475	17.675
1146	11.51	12.985	14.161	15.482	17.684
1147	11.514	12.991	14.167	15.489	17.692
1148	11.519	12.996	14.173	15.496	17.701
1149	11.523	13.001	14.179	15.503	17.709
1150	11.528	13.007	14.186	15.51	17.718
1151	11.533	13.012	14.192	15.517	17.726
1152	11.537	13.018	14.198	15.524	17.734
1153	11.542	13.023	14.204	15.531	17.743
1154	11.546	13.029	14.21	15.538	17.752
1155	11.551	13.034	14.216	15.545	17.76
1156	11.556	13.04	14.223	15.552	17.769
1157	11.56	13.045	14.229	15.559	17.777
1158	11.565	13.05	14.235	15.566	17.786
1159	11.569	13.056	14.241	15.573	17.794
1160	11.574	13.061	14.247	15.58	17.803
1161	11.579	13.067	14.253	15.587	17.811
1162	11.583	13.072	14.26	15.594	17.819
1163	11.588	13.078	14.266	15.601	17.828
1164	11.592	13.083	14.272	15.608	17.836
1165	11.597	13.089	14.278	15.615	17.845
1166	11.602	13.094	14.284	15.622	17.853
1167	11.606	13.099	14.29	15.629	17.862
1168	11.611	13.105	14.297	15.636	17.87
1169	11.615	13.11	14.303	15.643	17.879
1170	11.62	13.116	14.309	15.65	17.887
1171	11.624	13.121	14.315	15.657	17.896
1172	11.629	13.127	14.321	15.664	17.905
1173	11.634	13.132	14.327	15.671	17.913
1174	11.638	13.138	14.334	15.678	17.921
1175	11.643	13.143	14.34	15.685	17.93
1176	11.647	13.148	14.346	15.692	17.939
1177	11.652	13.154	14.352	15.699	17.947
1178	11.656	13.159	14.358	15.706	17.956
1179	11.661	13.165	14.364	15.713	17.964
1180	11.665	13.17	14.371	15.72	17.973
1181	11.67	13.176	14.377	15.727	17.981
1182	11.675	13.181	14.383	15.734	17.99
1183	11.679	13.186	14.389	15.741	17.998
1184	11.684	13.192	14.395	15.748	18.007
1185	11.688	13.197	14.401	15.755	18.015
1186	11.693	13.203	14.408	15.762	18.024
1187	11.697	13.208	14.414	15.769	18.032
1188	11.702	13.214	14.42	15.776	18.041
1189	11.706	13.219	14.426	15.783	18.049
1190	11.711	13.224	14.432	15.79	18.058
1191	11.715	13.23	14.438	15.797	18.066
1192	11.72	13.235	14.444	15.804	18.075
1193	11.725	13.241	14.451	15.811	18.083
1194	11.729	13.246	14.457	15.818	18.092
1195	11.734	13.251	14.463	15.825	18.1
1196	11.738	13.257	14.469	15.832	18.109
1197	11.743	13.262	14.475	15.839	18.118
1198	11.747	13.268	14.481	15.846	18.126
1199	11.752	13.273	14.487	15.853	18.135
1200	11.757	13.279	14.494	15.86	18.143
1201	11.761	13.284	14.5	15.867	18.152
1202	11.765	13.289	14.506	15.875	18.16
1203	11.77	13.295	14.512	15.881	18.169
1204	11.774	13.3	14.518	15.888	18.177
1205	11.779	13.306	14.524	15.895	18.186
1206	11.784	13.311	14.53	15.902	18.194
1207	11.788	13.316	14.537	15.909	18.203
1208	11.793	13.322	14.543	15.916	18.211
1209	11.797	13.327	14.549	15.923	18.22
1210	11.802	13.333	14.555	15.93	18.228
1211	11.806	13.338	14.561	15.937	18.237
1212	11.811	13.343	14.567	15.944	18.245
1213	11.815	13.349	14.573	15.952	18.254
1214	11.82	13.354	14.58	15.959	18.263
1215	11.824	13.36	14.586	15.966	18.271
1216	11.829	13.365	14.592	15.973	18.28
1217	11.833	13.37	14.598	15.979	18.288
1218	11.838	13.376	14.604	15.987	18.297
1219	11.842	13.381	14.61	15.994	18.305
1220	11.847	13.387	14.616	16	18.314
1221	11.851	13.392	14.623	16.008	18.323
1222	11.856	13.397	14.629	16.015	18.331
1223	11.86	13.403	14.635	16.022	18.34
1224	11.865	13.408	14.641	16.029	18.348
1225	11.869	13.413	14.647	16.036	18.357
1226	11.874	13.419	14.653	16.043	18.365
1227	11.878	13.424	14.659	16.05	18.374
1228	11.883	13.43	14.665	16.056	18.382
1229	11.887	13.435	14.672	16.064	18.391
1230	11.892	13.44	14.678	16.071	18.4
1231	11.896	13.446	14.684	16.078	18.408
1232	11.901	13.451	14.69	16.085	18.417
1233	11.905	13.456	14.696	16.092	18.425
1234	11.91	13.462	14.702	16.099	18.434
1235	11.914	13.467	14.708	16.106	18.442
1236	11.919	13.472	14.714	16.113	18.451
1237	11.923	13.478	14.72	16.12	18.459
1238	11.928	13.483	14.727	16.127	18.468
1239	11.932	13.489	14.733	16.134	18.476
1240	11.937	13.494	14.739	16.141	18.485
1241	11.941	13.499	14.745	16.148	18.494
1242	11.945	13.505	14.751	16.155	18.502
1243	11.95	13.51	14.757	16.162	18.511
1244	11.954	13.515	14.763	16.169	18.519
1245	11.959	13.521	14.769	16.176	18.528
1246	11.963	13.526	14.775	16.182	18.536
1247	11.968	13.532	14.782	16.19	18.545
1248	11.972	13.537	14.788	16.197	18.554
1249	11.977	13.542	14.794	16.204	18.562
1250	11.981	13.548	14.8	16.211	18.571
1251	11.986	13.553	14.806	16.218	18.579
1252	11.99	13.558	14.812	16.224	18.588
1253	11.995	13.564	14.818	16.232	18.596
1254	11.999	13.569	14.824	16.239	18.605
1255	12.004	13.574	14.83	16.245	18.613
1256	12.008	13.58	14.837	16.252	18.622
1257	12.012	13.585	14.843	16.26	18.631
1258	12.017	13.59	14.849	16.267	18.639
1259	12.021	13.596	14.855	16.273	18.648
1260	12.026	13.601	14.861	16.28	18.656
1261	12.03	13.606	14.867	16.287	18.665
1262	12.035	13.612	14.873	16.294	18.673
1263	12.039	13.617	14.879	16.301	18.682
1264	12.044	13.622	14.885	16.308	18.691
1265	12.048	13.628	14.891	16.315	18.699
1266	12.052	13.633	14.897	16.322	18.708
1267	12.057	13.638	14.904	16.329	18.716
1268	12.061	13.644	14.91	16.336	18.725
1269	12.066	13.649	14.916	16.343	18.733
1270	12.07	13.654	14.922	16.35	18.742
1271	12.075	13.66	14.928	16.357	18.751
1272	12.079	13.665	14.934	16.364	18.759
1273	12.083	13.67	14.94	16.371	18.768
1274	12.088	13.676	14.946	16.378	18.776
1275	12.092	13.681	14.952	16.385	18.785
1276	12.097	13.686	14.958	16.392	18.793
1277	12.101	13.692	14.964	16.399	18.802
1278	12.105	13.697	14.97	16.406	18.811
1279	12.11	13.702	14.977	16.413	18.819
1280	12.114	13.708	14.983	16.42	18.828
1281	12.119	13.713	14.989	16.427	18.836
1282	12.123	13.718	14.995	16.434	18.845
1283	12.128	13.724	15.001	16.441	18.854
1284	12.132	13.729	15.007	16.448	18.862
1285	12.136	13.734	15.013	16.455	18.871
1286	12.141	13.739	15.019	16.462	18.879
1287	12.145	13.745	15.025	16.469	18.888
1288	12.15	13.75	15.031	16.476	18.896
1289	12.154	13.755	15.037	16.483	18.905
1290	12.158	13.761	15.043	16.49	18.914
1291	12.163	13.766	15.049	16.497	18.922
1292	12.167	13.771	15.056	16.504	18.931
1293	12.172	13.777	15.062	16.511	18.939
1294	12.176	13.782	15.068	16.518	18.948
1295	12.18	13.787	15.074	16.525	18.956
1296	12.185	13.792	15.08	16.532	18.965
1297	12.189	13.798	15.086	16.539	18.974
1298	12.194	13.803	15.092	16.545	18.982
1299	12.198	13.808	15.098	16.553	18.991
1300	12.202	13.814	15.104	16.559	18.999
1301	12.207	13.819	15.11	16.566	19.008
1302	12.211	13.824	15.116	16.573	19.016
1303	12.216	13.83	15.122	16.58	19.025
1304	12.22	13.835	15.128	16.587	19.034
1305	12.224	13.84	15.134	16.594	19.042
1306	12.229	13.845	15.14	16.601	19.051
1307	12.233	13.851	15.146	16.608	19.059
1308	12.237	13.856	15.152	16.615	19.068
1309	12.242	13.861	15.158	16.622	19.077
1310	12.246	13.867	15.165	16.629	19.085
1311	12.251	13.872	15.171	16.636	19.094
1312	12.255	13.877	15.177	16.643	19.102
1313	12.259	13.882	15.183	16.65	19.111
1314	12.264	13.888	15.189	16.657	19.119
1315	12.268	13.893	15.195	16.664	19.128
1316	12.272	13.898	15.201	16.671	19.137
1317	12.277	13.903	15.207	16.678	19.145
1318	12.281	13.909	15.213	16.685	19.154
1319	12.286	13.914	15.219	16.692	19.162
1320	12.29	13.919	15.225	16.699	19.171
1321	12.294	13.925	15.231	16.706	19.18
1322	12.299	13.93	15.237	16.713	19.188
1323	12.303	13.935	15.243	16.719	19.197
1324	12.307	13.94	15.249	16.726	19.205
1325	12.312	13.946	15.255	16.733	19.214
1326	12.316	13.951	15.261	16.74	19.222
1327	12.32	13.956	15.267	16.747	19.231
1328	12.325	13.961	15.273	16.754	19.24
1329	12.329	13.967	15.279	16.761	19.248
1330	12.333	13.972	15.285	16.768	19.257
1331	12.338	13.977	15.291	16.775	19.265
1332	12.342	13.982	15.297	16.782	19.274
1333	12.347	13.988	15.303	16.789	19.282
1334	12.351	13.993	15.309	16.796	19.291
1335	12.355	13.998	15.315	16.803	19.299
1336	12.359	14.003	15.321	16.81	19.308
1337	12.364	14.009	15.328	16.817	19.317
1338	12.368	14.014	15.334	16.824	19.325
1339	12.373	14.019	15.34	16.831	19.334
1340	12.377	14.024	15.346	16.837	19.342
1341	12.381	14.03	15.352	16.844	19.351
1342	12.386	14.035	15.358	16.851	19.36
1343	12.39	14.04	15.364	16.858	19.368
1344	12.394	14.045	15.37	16.865	19.377
1345	12.399	14.051	15.376	16.872	19.385
1346	12.403	14.056	15.382	16.879	19.394
1347	12.407	14.061	15.388	16.886	19.403
1348	12.412	14.067	15.394	16.893	19.411
1349	12.416	14.072	15.4	16.9	19.419
1350	12.42	14.077	15.406	16.907	19.428
1351	12.424	14.082	15.412	16.914	19.437
1352	12.429	14.087	15.418	16.921	19.445
1353	12.433	14.093	15.424	16.928	19.454
1354	12.438	14.098	15.43	16.935	19.462
1355	12.442	14.103	15.436	16.942	19.471
1356	12.446	14.108	15.442	16.948	19.48
1357	12.45	14.114	15.448	16.955	19.488
1358	12.455	14.119	15.454	16.962	19.497
1359	12.459	14.124	15.46	16.969	19.505
1360	12.463	14.129	15.466	16.976	19.514
1361	12.468	14.135	15.472	16.983	19.523
1362	12.472	14.14	15.478	16.99	19.531
1363	12.476	14.145	15.484	16.997	19.54
1364	12.481	14.15	15.49	17.004	19.548
1365	12.485	14.155	15.496	17.011	19.557
1366	12.489	14.161	15.502	17.018	19.565
1367	12.494	14.166	15.508	17.025	19.574
1368	12.498	14.171	15.514	17.032	19.583
1369	12.502	14.176	15.52	17.038	19.591
1370	12.507	14.182	15.526	17.045	19.6
1371	12.511	14.187	15.532	17.052	19.608
1372	12.515	14.192	15.538	17.059	19.617
1373	12.519	14.197	15.544	17.066	19.626
1374	12.524	14.203	15.55	17.073	19.634
1375	12.528	14.208	15.556	17.08	19.643
1376	12.532	14.213	15.562	17.087	19.651
1377	12.537	14.218	15.568	17.094	19.66
1378	12.541	14.223	15.574	17.101	19.668
1379	12.545	14.229	15.58	17.108	19.677
1380	12.55	14.234	15.586	17.115	19.685
1381	12.554	14.239	15.592	17.122	19.694
1382	12.558	14.244	15.598	17.128	19.703
1383	12.562	14.249	15.604	17.135	19.711
1384	12.567	14.255	15.61	17.142	19.72
1385	12.571	14.26	15.616	17.149	19.728
1386	12.575	14.265	15.622	17.156	19.737
1387	12.58	14.27	15.628	17.163	19.746
1388	12.584	14.275	15.634	17.17	19.754
1389	12.588	14.281	15.64	17.177	19.762
1390	12.593	14.286	15.646	17.184	19.771
1391	12.597	14.291	15.652	17.191	19.78
1392	12.601	14.296	15.658	17.198	19.788
1393	12.605	14.301	15.664	17.205	19.797
1394	12.61	14.307	15.67	17.211	19.805
1395	12.614	14.312	15.676	17.218	19.814
1396	12.618	14.317	15.682	17.225	19.823
1397	12.623	14.322	15.688	17.232	19.831
1398	12.627	14.327	15.694	17.239	19.84
1399	12.631	14.333	15.7	17.246	19.848
1400	12.635	14.338	15.706	17.253	19.857
1401	12.64	14.343	15.712	17.26	19.865
1402	12.644	14.348	15.718	17.267	19.874
1403	12.648	14.354	15.724	17.274	19.883
1404	12.653	14.359	15.73	17.28	19.891
1405	12.657	14.364	15.736	17.287	19.9
1406	12.661	14.369	15.742	17.294	19.908
1407	12.665	14.374	15.748	17.301	19.917
1408	12.67	14.38	15.753	17.308	19.925
1409	12.674	14.385	15.759	17.315	19.934
1410	12.678	14.39	15.765	17.322	19.943
1411	12.683	14.395	15.771	17.329	19.951
1412	12.687	14.4	15.777	17.336	19.96
1413	12.691	14.406	15.783	17.343	19.968
1414	12.695	14.411	15.789	17.35	19.977
1415	12.7	14.416	15.795	17.357	19.986
1416	12.704	14.421	15.801	17.364	19.994
1417	12.708	14.426	15.807	17.37	20.003
1418	12.713	14.431	15.813	17.377	20.011
1419	12.717	14.437	15.819	17.384	20.02
1420	12.721	14.442	15.825	17.391	20.028
1421	12.725	14.447	15.831	17.398	20.037
1422	12.73	14.452	15.837	17.405	20.045
1423	12.734	14.457	15.843	17.412	20.054
1424	12.738	14.463	15.849	17.419	20.063
1425	12.742	14.468	15.855	17.426	20.071
1426	12.747	14.473	15.861	17.433	20.08
1427	12.751	14.478	15.867	17.439	20.088
1428	12.755	14.483	15.873	17.446	20.097
1429	12.759	14.489	15.879	17.453	20.106
1430	12.764	14.494	15.885	17.46	20.114
1431	12.768	14.499	15.891	17.467	20.122
1432	12.772	14.504	15.897	17.474	20.131
1433	12.777	14.509	15.903	17.481	20.14
1434	12.781	14.514	15.909	17.488	20.148
1435	12.785	14.52	15.915	17.495	20.157
1436	12.789	14.525	15.921	17.502	20.166
1437	12.794	14.53	15.927	17.508	20.174
1438	12.798	14.535	15.933	17.515	20.183
1439	12.802	14.54	15.939	17.522	20.191
1440	12.806	14.546	15.945	17.529	20.2
1441	12.811	14.551	15.951	17.536	20.208
1442	12.815	14.556	15.957	17.543	20.217
1443	12.819	14.561	15.962	17.55	20.226
1444	12.823	14.566	15.968	17.557	20.234
1445	12.828	14.572	15.974	17.564	20.243
1446	12.832	14.577	15.98	17.57	20.251
1447	12.836	14.582	15.986	17.577	20.26
1448	12.84	14.587	15.992	17.584	20.269
1449	12.845	14.592	15.998	17.591	20.277
1450	12.849	14.597	16.004	17.598	20.286
1451	12.853	14.602	16.01	17.605	20.294
1452	12.857	14.608	16.016	17.612	20.303
1453	12.862	14.613	16.022	17.619	20.311
1454	12.866	14.618	16.028	17.626	20.32
1455	12.87	14.623	16.034	17.633	20.329
1456	12.874	14.628	16.04	17.639	20.337
1457	12.879	14.634	16.046	17.646	20.346
1458	12.883	14.639	16.052	17.653	20.354
1459	12.887	14.644	16.058	17.66	20.363
1460	12.891	14.649	16.064	17.667	20.372
1461	12.896	14.654	16.07	17.674	20.38
1462	12.9	14.659	16.076	17.681	20.389
1463	12.904	14.665	16.082	17.688	20.397
1464	12.908	14.67	16.088	17.695	20.406
1465	12.913	14.675	16.094	17.702	20.414
1466	12.917	14.68	16.099	17.708	20.423
1467	12.921	14.685	16.106	17.715	20.432
1468	12.926	14.691	16.112	17.722	20.44
1469	12.93	14.696	16.117	17.729	20.449
1470	12.934	14.701	16.123	17.736	20.457
1471	12.938	14.706	16.129	17.743	20.466
1472	12.943	14.711	16.135	17.75	20.475
1473	12.947	14.716	16.141	17.757	20.483
1474	12.951	14.722	16.147	17.764	20.492
1475	12.955	14.727	16.153	17.771	20.5
1476	12.959	14.732	16.159	17.777	20.509
1477	12.964	14.737	16.165	17.784	20.517
1478	12.968	14.742	16.171	17.791	20.526
1479	12.972	14.747	16.177	17.798	20.535
1480	12.976	14.752	16.183	17.805	20.543
1481	12.981	14.758	16.189	17.812	20.552
1482	12.985	14.763	16.195	17.819	20.56
1483	12.989	14.768	16.201	17.826	20.569
1484	12.993	14.773	16.207	17.833	20.578
1485	12.998	14.778	16.213	17.839	20.586
1486	13.002	14.784	16.219	17.846	20.595
1487	13.006	14.789	16.225	17.853	20.603
1488	13.01	14.794	16.231	17.86	20.612
1489	13.015	14.799	16.237	17.867	20.62
1490	13.019	14.804	16.243	17.874	20.629
1491	13.023	14.809	16.249	17.881	20.638
1492	13.027	14.814	16.254	17.888	20.647
1493	13.032	14.82	16.26	17.895	20.655
1494	13.036	14.825	16.266	17.902	20.664
1495	13.04	14.83	16.272	17.909	20.672
1496	13.044	14.835	16.278	17.915	20.681
1497	13.049	14.84	16.284	17.922	20.689
1498	13.053	14.845	16.29	17.929	20.698
1499	13.057	14.851	16.296	17.936	20.707
1500	13.061	14.856	16.302	17.943	20.715
1501	13.066	14.861	16.308	17.95	20.724
1502	13.07	14.866	16.314	17.957	20.732
1503	13.074	14.871	16.32	17.964	20.741
1504	13.078	14.877	16.326	17.971	20.75
1505	13.083	14.882	16.332	17.977	20.758
1506	13.087	14.887	16.338	17.984	20.767
1507	13.091	14.892	16.344	17.991	20.775
1508	13.095	14.897	16.35	17.998	20.784
1509	13.099	14.902	16.356	18.005	20.793
1510	13.104	14.907	16.362	18.012	20.801
1511	13.108	14.913	16.368	18.019	20.81
1512	13.112	14.918	16.374	18.026	20.818
1513	13.116	14.923	16.379	18.033	20.827
1514	13.121	14.928	16.385	18.039	20.835
1515	13.125	14.933	16.391	18.046	20.844
1516	13.129	14.938	16.397	18.053	20.853
1517	13.133	14.944	16.403	18.06	20.861
1518	13.138	14.949	16.409	18.067	20.87
1519	13.142	14.954	16.415	18.074	20.879
1520	13.146	14.959	16.421	18.081	20.887
1521	13.15	14.964	16.427	18.088	20.896
1522	13.155	14.969	16.433	18.095	20.904
1523	13.159	14.974	16.439	18.102	20.913
1524	13.163	14.98	16.445	18.108	20.921
1525	13.167	14.985	16.451	18.115	20.93
1526	13.172	14.99	16.457	18.122	20.939
1527	13.176	14.995	16.463	18.129	20.947
1528	13.18	15	16.469	18.136	20.956
1529	13.184	15.005	16.475	18.143	20.965
1530	13.188	15.011	16.481	18.15	20.973
1531	13.193	15.016	16.487	18.157	20.982
1532	13.197	15.021	16.493	18.164	20.99
1533	13.201	15.026	16.498	18.171	20.999
1534	13.205	15.031	16.504	18.177	21.007
1535	13.21	15.036	16.51	18.184	21.016
1536	13.214	15.042	16.516	18.191	21.025
1537	13.218	15.047	16.522	18.198	21.033
1538	13.222	15.052	16.528	18.205	21.042
1539	13.227	15.057	16.534	18.212	21.051
1540	13.231	15.062	16.54	18.219	21.06
1541	13.235	15.067	16.546	18.226	21.068
1542	13.239	15.073	16.552	18.233	21.077
1543	13.243	15.078	16.558	18.24	21.085
1544	13.248	15.083	16.564	18.246	21.094
1545	13.252	15.088	16.57	18.253	21.102
1546	13.256	15.093	16.576	18.26	21.111
1547	13.26	15.098	16.582	18.267	21.119
1548	13.265	15.103	16.588	18.274	21.128
1549	13.269	15.109	16.594	18.281	21.137
1550	13.273	15.114	16.6	18.288	21.145
1551	13.277	15.119	16.606	18.295	21.154
1552	13.281	15.124	16.611	18.302	21.163
1553	13.286	15.129	16.617	18.308	21.171
1554	13.29	15.134	16.623	18.315	21.18
1555	13.294	15.14	16.629	18.322	21.189
1556	13.299	15.145	16.635	18.329	21.197
1557	13.303	15.15	16.641	18.336	21.206
1558	13.307	15.155	16.647	18.343	21.214
1559	13.311	15.16	16.653	18.35	21.223
1560	13.315	15.165	16.659	18.357	21.232
1561	13.319	15.17	16.665	18.364	21.24
1562	13.324	15.176	16.671	18.37	21.249
1563	13.328	15.181	16.677	18.377	21.257
1564	13.332	15.186	16.683	18.384	21.266
1565	13.337	15.191	16.689	18.391	21.274
1566	13.341	15.196	16.695	18.398	21.283
1567	13.345	15.201	16.701	18.405	21.292
1568	13.349	15.206	16.707	18.412	21.3
1569	13.353	15.212	16.713	18.419	21.309
1570	13.358	15.217	16.718	18.426	21.317
1571	13.362	15.222	16.724	18.433	21.326
1572	13.366	15.227	16.73	18.439	21.335
1573	13.37	15.232	16.736	18.446	21.343
1574	13.375	15.237	16.742	18.453	21.352
1575	13.379	15.242	16.748	18.46	21.361
1576	13.383	15.248	16.754	18.467	21.369
1577	13.387	15.253	16.76	18.474	21.378
1578	13.391	15.258	16.766	18.481	21.387
1579	13.396	15.263	16.772	18.488	21.395
1580	13.4	15.268	16.778	18.495	21.404
1581	13.404	15.273	16.784	18.502	21.413
1582	13.408	15.279	16.79	18.508	21.421
1583	13.412	15.284	16.796	18.515	21.43
1584	13.417	15.289	16.802	18.522	21.438
1585	13.421	15.294	16.808	18.529	21.447
1586	13.425	15.299	16.814	18.536	21.456
1587	13.429	15.304	16.819	18.543	21.464
1588	13.434	15.309	16.825	18.55	21.473
1589	13.438	15.315	16.831	18.557	21.481
1590	13.442	15.32	16.837	18.563	21.49
1591	13.446	15.325	16.843	18.57	21.499
1592	13.451	15.33	16.849	18.577	21.507
1593	13.455	15.335	16.855	18.584	21.516
1594	13.459	15.34	16.861	18.591	21.525
1595	13.463	15.345	16.867	18.598	21.533
1596	13.467	15.351	16.873	18.605	21.542
1597	13.471	15.356	16.879	18.612	21.55
1598	13.476	15.361	16.885	18.619	21.559
1599	13.48	15.366	16.891	18.626	21.568
1600	13.484	15.371	16.897	18.632	21.576
1601	13.488	15.376	16.903	18.639	21.585
1602	13.493	15.381	16.909	18.646	21.594
1603	13.497	15.387	16.914	18.653	21.602
1604	13.501	15.392	16.92	18.66	21.611
1605	13.505	15.397	16.926	18.667	21.619
1606	13.509	15.402	16.932	18.674	21.628
1607	13.514	15.407	16.938	18.681	21.636
1608	13.518	15.412	16.944	18.687	21.645
1609	13.522	15.417	16.95	18.694	21.654
1610	13.526	15.422	16.956	18.701	21.662
1611	13.531	15.428	16.962	18.708	21.671
1612	13.535	15.433	16.968	18.715	21.68
1613	13.539	15.438	16.974	18.722	21.688
1614	13.543	15.443	16.98	18.729	21.697
1615	13.547	15.448	16.986	18.736	21.705
1616	13.552	15.453	16.992	18.743	21.714
1617	13.556	15.458	16.997	18.749	21.723
1618	13.56	15.464	17.003	18.756	21.731
1619	13.564	15.469	17.009	18.763	21.74
1620	13.568	15.474	17.015	18.77	21.748
1621	13.573	15.479	17.021	18.777	21.757
1622	13.577	15.484	17.027	18.784	21.765
1623	13.581	15.489	17.033	18.791	21.774
1624	13.585	15.494	17.039	18.798	21.783
1625	13.589	15.499	17.045	18.804	21.791
1626	13.594	15.505	17.051	18.811	21.8
1627	13.598	15.51	17.057	18.818	21.808
1628	13.602	15.515	17.063	18.825	21.817
1629	13.606	15.52	17.069	18.832	21.826
1630	13.61	15.525	17.074	18.839	21.834
1631	13.615	15.53	17.08	18.846	21.843
1632	13.619	15.535	17.086	18.853	21.852
1633	13.623	15.54	17.092	18.859	21.86
1634	13.627	15.546	17.098	18.866	21.869
1635	13.631	15.551	17.104	18.873	21.877
1636	13.636	15.556	17.11	18.88	21.886
1637	13.64	15.561	17.116	18.887	21.895
1638	13.644	15.566	17.122	18.894	21.903
1639	13.648	15.571	17.128	18.901	21.912
1640	13.652	15.576	17.134	18.908	21.92
1641	13.657	15.581	17.14	18.914	21.929
1642	13.661	15.587	17.146	18.921	21.938
1643	13.665	15.592	17.151	18.928	21.946
1644	13.669	15.597	17.157	18.935	21.955
1645	13.673	15.602	17.163	18.942	21.964
1646	13.678	15.607	17.169	18.949	21.972
1647	13.682	15.612	17.175	18.956	21.981
1648	13.686	15.617	17.181	18.962	21.989
1649	13.69	15.622	17.187	18.969	21.998
1650	13.694	15.627	17.193	18.976	22.006
1651	13.699	15.633	17.199	18.983	22.015
1652	13.703	15.638	17.205	18.99	22.024
1653	13.707	15.643	17.211	18.997	22.032
1654	13.711	15.648	17.216	19.004	22.041
1655	13.715	15.653	17.222	19.011	22.049
1656	13.719	15.658	17.228	19.017	22.058
1657	13.724	15.663	17.234	19.024	22.067
1658	13.728	15.668	17.24	19.031	22.075
1659	13.732	15.674	17.246	19.038	22.084
1660	13.736	15.679	17.252	19.045	22.093
1661	13.74	15.684	17.258	19.052	22.101
1662	13.745	15.689	17.264	19.059	22.11
1663	13.749	15.694	17.27	19.065	22.118
1664	13.753	15.699	17.275	19.072	22.127
1665	13.757	15.704	17.281	19.079	22.136
1666	13.761	15.709	17.287	19.086	22.144
1667	13.765	15.714	17.293	19.093	22.153
1668	13.77	15.719	17.299	19.1	22.161
1669	13.774	15.725	17.305	19.107	22.17
1670	13.778	15.73	17.311	19.113	22.178
1671	13.782	15.735	17.317	19.12	22.187
1672	13.786	15.74	17.323	19.127	22.195
1673	13.791	15.745	17.329	19.134	22.204
1674	13.795	15.75	17.334	19.141	22.213
1675	13.799	15.755	17.34	19.148	22.221
1676	13.803	15.76	17.346	19.154	22.23
1677	13.807	15.765	17.352	19.161	22.238
1678	13.811	15.77	17.358	19.168	22.247
1679	13.816	15.775	17.364	19.175	22.256
1680	13.82	15.781	17.37	19.182	22.264
1681	13.824	15.786	17.376	19.189	22.273
1682	13.828	15.791	17.382	19.195	22.281
1683	13.832	15.796	17.387	19.202	22.29
1684	13.836	15.801	17.393	19.209	22.298
1685	13.841	15.806	17.399	19.216	22.307
1686	13.845	15.811	17.405	19.223	22.316
1687	13.849	15.816	17.411	19.23	22.324
1688	13.853	15.821	17.417	19.237	22.333
1689	13.857	15.826	17.423	19.243	22.341
1690	13.861	15.831	17.429	19.25	22.35
1691	13.866	15.837	17.434	19.257	22.358
1692	13.87	15.842	17.44	19.264	22.367
1693	13.874	15.847	17.446	19.271	22.376
1694	13.878	15.852	17.452	19.278	22.384
1695	13.882	15.857	17.458	19.284	22.393
1696	13.886	15.862	17.464	19.291	22.401
1697	13.891	15.867	17.47	19.298	22.41
1698	13.895	15.872	17.476	19.305	22.419
1699	13.899	15.877	17.481	19.312	22.427
1700	13.903	15.882	17.487	19.318	22.436
1701	13.907	15.887	17.493	19.325	22.444
1702	13.911	15.892	17.499	19.332	22.453
1703	13.915	15.897	17.505	19.339	22.461
1704	13.919	15.902	17.511	19.346	22.47
1705	13.924	15.908	17.517	19.353	22.479
1706	13.928	15.913	17.522	19.359	22.487
1707	13.932	15.918	17.528	19.366	22.496
1708	13.936	15.923	17.534	19.373	22.504
1709	13.94	15.928	17.54	19.38	22.513
1710	13.944	15.933	17.546	19.387	22.522
1711	13.949	15.938	17.552	19.393	22.53
1712	13.953	15.943	17.558	19.4	22.539
1713	13.957	15.948	17.563	19.407	22.547
1714	13.961	15.953	17.569	19.414	22.556
1715	13.965	15.958	17.575	19.421	22.564
1716	13.969	15.963	17.581	19.427	22.572
1717	13.973	15.968	17.587	19.434	22.581
1718	13.978	15.973	17.593	19.441	22.589
1719	13.982	15.978	17.599	19.448	22.598
1720	13.986	15.984	17.604	19.455	22.607
1721	13.99	15.989	17.61	19.462	22.615
1722	13.994	15.994	17.616	19.468	22.624
1723	13.998	15.999	17.622	19.475	22.632
1724	14.002	16.004	17.628	19.482	22.641
1725	14.006	16.009	17.634	19.489	22.65
1726	14.011	16.014	17.639	19.495	22.658
1727	14.015	16.019	17.645	19.502	22.667
1728	14.019	16.024	17.651	19.509	22.675
1729	14.023	16.029	17.657	19.516	22.684
1730	14.027	16.034	17.663	19.523	22.692
1731	14.031	16.039	17.669	19.53	22.701
1732	14.035	16.044	17.675	19.536	22.709
1733	14.039	16.049	17.68	19.543	22.718
1734	14.044	16.054	17.686	19.55	22.726
1735	14.048	16.059	17.692	19.557	22.735
1736	14.052	16.064	17.698	19.563	22.743
1737	14.056	16.069	17.704	19.57	22.752
1738	14.06	16.074	17.71	19.577	22.761
1739	14.064	16.079	17.715	19.584	22.769
1740	14.068	16.084	17.721	19.591	22.778
1741	14.072	16.089	17.727	19.597	22.786
1742	14.077	16.094	17.733	19.604	22.795
1743	14.081	16.1	17.739	19.611	22.803
1744	14.085	16.104	17.744	19.618	22.812
1745	14.089	16.11	17.75	19.624	22.82
1746	14.093	16.115	17.756	19.631	22.829
1747	14.097	16.12	17.762	19.638	22.837
1748	14.101	16.125	17.768	19.645	22.845
1749	14.105	16.13	17.774	19.652	22.854
1750	14.11	16.135	17.779	19.658	22.863
1751	14.113	16.14	17.785	19.665	22.871
1752	14.118	16.145	17.791	19.672	22.88
1753	14.122	16.15	17.797	19.679	22.888
1754	14.126	16.155	17.803	19.685	22.897
1755	14.13	16.16	17.808	19.692	22.905
1756	14.134	16.165	17.814	19.699	22.914
1757	14.138	16.17	17.82	19.706	22.922
1758	14.142	16.175	17.826	19.712	22.931
1759	14.146	16.18	17.832	19.719	22.939
1760	14.15	16.185	17.837	19.726	22.948
1761	14.155	16.19	17.843	19.733	22.956
1762	14.159	16.195	17.849	19.74	22.965
1763	14.163	16.2	17.855	19.746	22.973
1764	14.167	16.205	17.861	19.753	22.982
1765	14.171	16.21	17.866	19.76	22.99
1766	14.175	16.215	17.872	19.766	22.999
1767	14.179	16.22	17.878	19.773	23.007
1768	14.183	16.225	17.884	19.78	23.016
1769	14.187	16.23	17.89	19.787	23.024
1770	14.191	16.235	17.895	19.794	23.033
1771	14.195	16.24	17.901	19.8	23.041
1772	14.2	16.245	17.907	19.807	23.05
1773	14.204	16.25	17.913	19.814	23.058
1774	14.208	16.255	17.919	19.821	23.067
1775	14.212	16.26	17.924	19.827	23.075
1776	14.216	16.265	17.93	19.834	23.084
1777	14.22	16.27	17.936	19.841	23.092
1778	14.224	16.275	17.942	19.848	23.101
1779	14.228	16.28	17.948	19.854	23.109
1780	14.232	16.285	17.953	19.861	23.118
1781	14.236	16.29	17.959	19.868	23.126
1782	14.24	16.295	17.965	19.874	23.134
1783	14.244	16.3	17.971	19.881	23.143
1784	14.248	16.305	17.976	19.888	23.152
1785	14.253	16.31	17.982	19.894	23.16
1786	14.257	16.315	17.988	19.901	23.168
1787	14.261	16.32	17.994	19.908	23.177
1788	14.265	16.325	18	19.915	23.186
1789	14.269	16.33	18.005	19.921	23.194
1790	14.273	16.335	18.011	19.928	23.203
1791	14.277	16.34	18.017	19.935	23.211
1792	14.281	16.345	18.023	19.942	23.219
1793	14.285	16.35	18.028	19.948	23.228
1794	14.289	16.355	18.034	19.955	23.236
1795	14.293	16.359	18.04	19.962	23.245
1796	14.297	16.365	18.046	19.969	23.253
1797	14.301	16.369	18.051	19.975	23.261
1798	14.305	16.374	18.057	19.982	23.27
1799	14.31	16.379	18.063	19.989	23.279
1800	14.313	16.384	18.069	19.995	23.287
1801	14.318	16.389	18.074	20.002	23.295
1802	14.322	16.394	18.08	20.009	23.304
1803	14.326	16.399	18.086	20.016	23.312
1804	14.33	16.404	18.092	20.022	23.321
1805	14.334	16.409	18.097	20.029	23.329
1806	14.338	16.414	18.103	20.036	23.338
1807	14.342	16.419	18.109	20.042	23.346
1808	14.346	16.424	18.115	20.049	23.355
1809	14.35	16.429	18.12	20.056	23.363
1810	14.354	16.434	18.126	20.062	23.372
1811	14.358	16.439	18.132	20.069	23.38
1812	14.362	16.444	18.138	20.076	23.388
1813	14.366	16.449	18.143	20.083	23.397
1814	14.37	16.454	18.149	20.089	23.405
1815	14.374	16.459	18.155	20.096	23.413
1816	14.378	16.464	18.161	20.103	23.422
1817	14.382	16.469	18.166	20.109	23.43
1818	14.386	16.474	18.172	20.116	23.439
1819	14.39	16.479	18.178	20.123	23.447
1820	14.394	16.484	18.184	20.129	23.456
1821	14.398	16.488	18.189	20.136	23.464
1822	14.402	16.493	18.195	20.143	23.473
1823	14.406	16.498	18.201	20.149	23.481
1824	14.41	16.503	18.206	20.156	23.49
1825	14.415	16.508	18.212	20.163	23.498
1826	14.419	16.513	18.218	20.169	23.507
1827	14.423	16.518	18.224	20.176	23.515
1828	14.427	16.523	18.229	20.183	23.523
1829	14.431	16.528	18.235	20.189	23.532
1830	14.435	16.533	18.241	20.196	23.54
1831	14.439	16.538	18.247	20.203	23.549
1832	14.443	16.543	18.252	20.209	23.557
1833	14.447	16.548	18.258	20.216	23.565
1834	14.451	16.553	18.264	20.223	23.574
1835	14.455	16.557	18.269	20.229	23.582
1836	14.459	16.563	18.275	20.236	23.59
1837	14.463	16.567	18.281	20.243	23.599
1838	14.467	16.572	18.287	20.249	23.607
1839	14.471	16.577	18.292	20.256	23.616
1840	14.475	16.582	18.298	20.263	23.624
1841	14.479	16.587	18.304	20.269	23.633
1842	14.483	16.592	18.309	20.276	23.641
1843	14.487	16.597	18.315	20.283	23.649
1844	14.491	16.602	18.321	20.289	23.658
1845	14.495	16.607	18.326	20.296	23.666
1846	14.499	16.612	18.332	20.303	23.675
1847	14.503	16.616	18.338	20.309	23.683
1848	14.507	16.621	18.344	20.316	23.692
1849	14.511	16.626	18.349	20.323	23.7
1850	14.515	16.631	18.355	20.329	23.708
1851	14.519	16.636	18.361	20.336	23.717
1852	14.523	16.641	18.366	20.343	23.725
1853	14.527	16.646	18.372	20.349	23.734
1854	14.531	16.651	18.378	20.356	23.742
1855	14.535	16.656	18.383	20.363	23.75
1856	14.539	16.661	18.389	20.369	23.759
