         0    0.2000
    1.0000    0.2000
    2.0000    0.2000
    3.0000    0.2000
    4.0000    0.2000
    5.0000    0.2000
    6.0000    0.2000
    7.0000    0.2000
    8.0000    0.2000
    9.0000    0.2000
   10.0000    0.2000
   11.0000    0.2000
   12.0000    0.2000
   13.0000    0.2000
   14.0000    0.2000
   15.0000    0.2000
   16.0000    0.2000
   17.0000    0.2000
   18.0000    0.2000
   19.0000    0.2000
   20.0000    0.2000
   21.0000    0.2000
   22.0000    0.2000
   23.0000    0.2000
   24.0000    0.2000
   25.0000    0.2000
   26.0000    0.2000
   27.0000    0.2000
   28.0000    0.2000
   29.0000    0.2000
   30.0000    0.2000
   31.0000    0.2000
   32.0000    0.2000
   33.0000    0.2000
   34.0000    0.2000
   35.0000    0.2000
   36.0000    0.2000
   37.0000    0.2000
   38.0000    0.2000
   39.0000    0.2000
   40.0000    0.2000
   41.0000    0.2000
   42.0000    0.2000
   43.0000    0.2104
   44.0000    0.2208
   45.0000    0.2311
   46.0000    0.2414
   47.0000    0.2515
   48.0000    0.2616
   49.0000    0.2717
   50.0000    0.2816
   51.0000    0.2915
   52.0000    0.3013
   53.0000    0.3111
   54.0000    0.3208
   55.0000    0.3304
   56.0000    0.3400
   57.0000    0.3495
   58.0000    0.3589
   59.0000    0.3682
   60.0000    0.3775
   61.0000    0.3867
   62.0000    0.3959
   63.0000    0.4050
   64.0000    0.4140
   65.0000    0.4229
   66.0000    0.4318
   67.0000    0.4406
   68.0000    0.4494
   69.0000    0.4580
   70.0000    0.4666
   71.0000    0.4752
   72.0000    0.4837
   73.0000    0.4921
   74.0000    0.5004
   75.0000    0.5087
   76.0000    0.5169
   77.0000    0.5250
   78.0000    0.5330
   79.0000    0.5410
   80.0000    0.5490
   81.0000    0.5568
   82.0000    0.5646
   83.0000    0.5723
   84.0000    0.5800
   85.0000    0.5876
   86.0000    0.5951
   87.0000    0.6026
   88.0000    0.6099
   89.0000    0.6173
   90.0000    0.6245
   91.0000    0.6317
   92.0000    0.6388
   93.0000    0.6458
   94.0000    0.6528
   95.0000    0.6597
   96.0000    0.6666
   97.0000    0.6733
   98.0000    0.6800
   99.0000    0.6867
  100.0000    0.6933
  101.0000    0.6998
  102.0000    0.7062
  103.0000    0.7126
  104.0000    0.7188
  105.0000    0.7251
  106.0000    0.7312
  107.0000    0.7373
  108.0000    0.7434
  109.0000    0.7493
  110.0000    0.7552
  111.0000    0.7610
  112.0000    0.7668
  113.0000    0.7725
  114.0000    0.7781
  115.0000    0.7836
  116.0000    0.7891
  117.0000    0.7945
  118.0000    0.7999
  119.0000    0.8052
  120.0000    0.8104
  121.0000    0.8155
  122.0000    0.8206
  123.0000    0.8256
  124.0000    0.8305
  125.0000    0.8354
  126.0000    0.8402
  127.0000    0.8449
  128.0000    0.8496
  129.0000    0.8542
  130.0000    0.8587
  131.0000    0.8632
  132.0000    0.8676
  133.0000    0.8719
  134.0000    0.8762
  135.0000    0.8804
  136.0000    0.8845
  137.0000    0.8886
  138.0000    0.8925
  139.0000    0.8965
  140.0000    0.9003
  141.0000    0.9041
  142.0000    0.9078
  143.0000    0.9115
  144.0000    0.9150
  145.0000    0.9186
  146.0000    0.9220
  147.0000    0.9254
  148.0000    0.9287
  149.0000    0.9319
  150.0000    0.9351
  151.0000    0.9382
  152.0000    0.9412
  153.0000    0.9442
  154.0000    0.9471
  155.0000    0.9500
  156.0000    0.9527
  157.0000    0.9554
  158.0000    0.9580
  159.0000    0.9606
  160.0000    0.9631
  161.0000    0.9655
  162.0000    0.9679
  163.0000    0.9702
  164.0000    0.9724
  165.0000    0.9746
  166.0000    0.9766
  167.0000    0.9787
  168.0000    0.9806
  169.0000    0.9825
  170.0000    0.9843
  171.0000    0.9861
  172.0000    0.9877
  173.0000    0.9893
  174.0000    0.9909
  175.0000    0.9924
  176.0000    0.9938
  177.0000    0.9951
  178.0000    0.9964
  179.0000    0.9976
  180.0000    0.9987
  181.0000    0.9998
  182.0000    1.0008
  183.0000    1.0000
  184.0000    1.0000
  185.0000    1.0000
  186.0000    1.0000
  187.0000    1.0000
  188.0000    1.0000
  189.0000    1.0000
  190.0000    1.0000
  191.0000    1.0000
  192.0000    1.0000
  193.0000    1.0000
  194.0000    1.0000
  195.0000    1.0000
  196.0000    1.0000
  197.0000    1.0000
  198.0000    1.0000
  199.0000    1.0000
  200.0000    1.0000
  201.0000    1.0000
  202.0000    1.0000
  203.0000    1.0000
  204.0000    1.0000
  205.0000    1.0000
  206.0000    1.0000
  207.0000    1.0000
  208.0000    1.0000
  209.0000    1.0000
  210.0000    1.0000
  211.0000    1.0000
  212.0000    1.0000
  213.0000    1.0000
  214.0000    1.0000
  215.0000    1.0000
  216.0000    1.0000
  217.0000    1.0000
  218.0000    1.0000
  219.0000    1.0000
  220.0000    1.0000
  221.0000    1.0000
  222.0000    1.0000
  223.0000    1.0000
  224.0000    1.0000
  225.0000    1.0000
  226.0000    1.0000
  227.0000    1.0000
  228.0000    1.0000
  229.0000    1.0000
  230.0000    1.0000
  231.0000    1.0000
  232.0000    1.0000
  233.0000    1.0000
  234.0000    1.0000
  235.0000    1.0000
  236.0000    1.0000
  237.0000    1.0000
  238.0000    1.0000
  239.0000    1.0000
  240.0000    1.0000
  241.0000    1.0000
  242.0000    1.0000
  243.0000    1.0000
  244.0000    1.0000
  245.0000    1.0000
  246.0000    1.0000
  247.0000    1.0000
  248.0000    1.0000
  249.0000    1.0000
  250.0000    1.0000
  251.0000    1.0000
  252.0000    1.0000
  253.0000    1.0000
  254.0000    1.0000
  255.0000    1.0000
  256.0000    1.0000
  257.0000    1.0000
  258.0000    1.0000
  259.0000    1.0000
  260.0000    1.0000
  261.0000    1.0000
  262.0000    1.0000
  263.0000    1.0000
  264.0000    1.0000
  265.0000    1.0000
  266.0000    1.0000
  267.0000    1.0000
  268.0000    1.0000
  269.0000    1.0000
  270.0000    1.0000
  271.0000    1.0000
  272.0000    1.0000
  273.0000    1.0000
  274.0000    1.0000
  275.0000    1.0000
  276.0000    1.0000
  277.0000    1.0000
  278.0000    1.0000
  279.0000    1.0000
  280.0000    1.0000
  281.0000    1.0000
  282.0000    1.0000
  283.0000    1.0000
  284.0000    1.0000
  285.0000    1.0000
  286.0000    1.0000
  287.0000    1.0000
  288.0000    1.0000
  289.0000    1.0000
  290.0000    1.0000
  291.0000    1.0000
  292.0000    1.0000
  293.0000    1.0000
  294.0000    1.0000
  295.0000    1.0000
  296.0000    1.0000
  297.0000    1.0000
  298.0000    1.0000
  299.0000    1.0000
  300.0000    1.0000
  301.0000    1.0000
  302.0000    1.0000
  303.0000    1.0000
  304.0000    1.0000
  305.0000    1.0000
  306.0000    1.0000
  307.0000    1.0000
  308.0000    1.0000
  309.0000    1.0000
  310.0000    1.0000
  311.0000    1.0000
  312.0000    1.0000
  313.0000    1.0000
  314.0000    1.0000
  315.0000    1.0000
  316.0000    1.0000
  317.0000    1.0000
  318.0000    1.0000
  319.0000    1.0000
  320.0000    1.0000
  321.0000    1.0000
  322.0000    1.0000
  323.0000    1.0000
  324.0000    1.0000
  325.0000    1.0000
  326.0000    1.0000
  327.0000    1.0000
  328.0000    1.0000
  329.0000    1.0000
  330.0000    1.0000
  331.0000    1.0000
  332.0000    1.0000
  333.0000    1.0000
  334.0000    1.0000
  335.0000    1.0000
  336.0000    1.0000
  337.0000    1.0000
  338.0000    1.0000
  339.0000    1.0000
  340.0000    1.0000
  341.0000    1.0000
  342.0000    1.0000
  343.0000    1.0000
  344.0000    1.0000
  345.0000    1.0000
  346.0000    1.0000
  347.0000    1.0000
  348.0000    1.0000
  349.0000    1.0000
  350.0000    1.0000
  351.0000    1.0000
  352.0000    1.0000
  353.0000    1.0000
  354.0000    1.0000
  355.0000    1.0000
  356.0000    1.0000
  357.0000    1.0000
  358.0000    1.0000
  359.0000    1.0000
  360.0000    1.0000
  361.0000    1.0000
  362.0000    1.0000
  363.0000    1.0000
  364.0000    1.0000
  365.0000    1.0000