Days	G0	G25	G50	G75	G100	
0	2.604	3.027	3.346	3.687	4.215
1	2.58	3	3.317	3.657	4.188
2	2.597	3.018	3.337	3.679	4.212
3	2.619	3.042	3.363	3.707	4.244
4	2.644	3.069	3.392	3.738	4.278
5	2.67	3.098	3.422	3.771	4.315
6	2.697	3.128	3.455	3.805	4.353
7	2.726	3.159	3.488	3.841	4.393
8	2.755	3.191	3.522	3.877	4.433
9	2.786	3.224	3.558	3.915	4.475
10	2.817	3.259	3.594	3.954	4.518
11	2.849	3.294	3.632	3.995	4.562
12	2.883	3.331	3.671	4.036	4.608
13	2.917	3.368	3.711	4.079	4.655
14	2.952	3.407	3.753	4.124	4.704
15	2.989	3.447	3.796	4.169	4.754
16	3.026	3.488	3.839	4.216	4.805
17	3.063	3.529	3.883	4.262	4.857
18	3.101	3.57	3.927	4.31	4.909
19	3.139	3.612	3.971	4.357	4.961
20	3.176	3.654	4.016	4.404	5.013
21	3.214	3.695	4.06	4.452	5.065
22	3.252	3.737	4.105	4.499	5.116
23	3.29	3.778	4.149	4.546	5.168
24	3.328	3.82	4.193	4.593	5.22
25	3.365	3.861	4.237	4.64	5.271
26	3.403	3.902	4.281	4.687	5.322
27	3.44	3.943	4.324	4.733	5.372
28	3.477	3.983	4.367	4.779	5.422
29	3.514	4.024	4.41	4.824	5.472
30	3.55	4.063	4.453	4.87	5.522
31	3.587	4.103	4.495	4.914	5.57
32	3.622	4.142	4.536	4.959	5.619
33	3.658	4.181	4.578	5.002	5.667
34	3.693	4.22	4.619	5.046	5.714
35	3.728	4.258	4.659	5.089	5.761
36	3.763	4.296	4.699	5.131	5.807
37	3.797	4.333	4.739	5.173	5.852
38	3.831	4.37	4.778	5.215	5.898
39	3.865	4.406	4.817	5.256	5.942
40	3.898	4.443	4.855	5.296	5.986
41	3.931	4.478	4.893	5.337	6.03
42	3.964	4.514	4.93	5.376	6.073
43	3.996	4.549	4.967	5.416	6.115
44	4.028	4.584	5.004	5.454	6.157
45	4.06	4.618	5.04	5.493	6.199
46	4.091	4.652	5.076	5.531	6.24
47	4.122	4.686	5.112	5.568	6.28
48	4.153	4.719	5.147	5.605	6.321
49	4.183	4.752	5.182	5.642	6.36
50	4.213	4.784	5.216	5.678	6.4
51	4.243	4.817	5.25	5.714	6.438
52	4.273	4.848	5.284	5.75	6.476
53	4.302	4.88	5.317	5.785	6.514
54	4.331	4.911	5.35	5.819	6.552
55	4.359	4.942	5.383	5.854	6.589
56	4.388	4.973	5.415	5.888	6.626
57	4.416	5.003	5.447	5.921	6.662
58	4.444	5.033	5.478	5.955	6.697
59	4.471	5.063	5.51	5.988	6.733
60	4.499	5.092	5.541	6.02	6.768
61	4.526	5.121	5.571	6.053	6.803
62	4.553	5.15	5.602	6.085	6.837
63	4.579	5.179	5.632	6.116	6.871
64	4.606	5.207	5.662	6.148	6.905
65	4.632	5.235	5.691	6.179	6.938
66	4.658	5.263	5.721	6.209	6.971
67	4.683	5.291	5.749	6.24	7.004
68	4.709	5.318	5.778	6.27	7.036
69	4.734	5.345	5.807	6.3	7.068
70	4.759	5.372	5.835	6.329	7.1
71	4.783	5.398	5.863	6.359	7.131
72	4.808	5.425	5.89	6.387	7.162
73	4.832	5.451	5.917	6.416	7.193
74	4.856	5.476	5.945	6.445	7.224
75	4.88	5.502	5.971	6.473	7.254
76	4.904	5.527	5.998	6.501	7.284
77	4.927	5.552	6.024	6.528	7.313
78	4.95	5.577	6.05	6.556	7.343
79	4.973	5.602	6.076	6.583	7.372
80	4.996	5.626	6.102	6.61	7.4
81	5.019	5.651	6.127	6.636	7.429
82	5.041	5.674	6.152	6.663	7.457
83	5.063	5.698	6.177	6.689	7.485
84	5.085	5.722	6.202	6.715	7.513
85	5.107	5.745	6.226	6.74	7.54
86	5.128	5.768	6.251	6.766	7.568
87	5.15	5.791	6.275	6.791	7.595
88	5.171	5.814	6.299	6.816	7.621
89	5.192	5.837	6.322	6.841	7.648
90	5.213	5.859	6.346	6.865	7.674
91	5.234	5.881	6.369	6.89	7.7
92	5.254	5.903	6.392	6.914	7.726
93	5.275	5.925	6.415	6.938	7.752
94	5.295	5.947	6.438	6.962	7.777
95	5.315	5.968	6.46	6.985	7.803
96	5.335	5.989	6.482	7.009	7.827
97	5.355	6.011	6.505	7.032	7.852
98	5.374	6.031	6.527	7.055	7.877
99	5.394	6.052	6.548	7.078	7.901
100	5.413	6.073	6.57	7.1	7.926
101	5.432	6.093	6.591	7.123	7.95
102	5.451	6.114	6.613	7.145	7.974
103	5.47	6.134	6.634	7.167	7.997
104	5.488	6.154	6.655	7.189	8.021
105	5.507	6.174	6.676	7.211	8.044
106	5.525	6.193	6.696	7.233	8.068
107	5.543	6.213	6.717	7.254	8.091
108	5.562	6.232	6.737	7.276	8.113
109	5.58	6.251	6.757	7.297	8.136
110	5.597	6.27	6.777	7.318	8.159
111	5.615	6.289	6.797	7.339	8.181
112	5.633	6.308	6.817	7.359	8.203
113	5.65	6.327	6.837	7.38	8.225
114	5.667	6.345	6.856	7.4	8.247
115	5.684	6.364	6.875	7.421	8.269
116	5.702	6.382	6.895	7.441	8.291
117	5.718	6.4	6.914	7.461	8.312
118	5.735	6.418	6.933	7.481	8.334
119	5.752	6.436	6.951	7.501	8.355
120	5.768	6.454	6.97	7.52	8.376
121	5.785	6.472	6.989	7.54	8.397
122	5.801	6.489	7.007	7.559	8.418
123	5.817	6.507	7.025	7.578	8.438
124	5.834	6.524	7.043	7.597	8.459
125	5.85	6.541	7.062	7.617	8.48
126	5.865	6.558	7.079	7.635	8.5
127	5.881	6.575	7.097	7.654	8.52
128	5.897	6.592	7.115	7.673	8.54
129	5.912	6.609	7.133	7.691	8.56
130	5.928	6.625	7.15	7.71	8.58
131	5.943	6.642	7.167	7.728	8.6
132	5.958	6.658	7.185	7.746	8.619
133	5.973	6.674	7.202	7.764	8.639
134	5.988	6.691	7.219	7.782	8.658
135	6.003	6.707	7.236	7.8	8.677
136	6.018	6.723	7.253	7.818	8.696
137	6.033	6.738	7.269	7.835	8.715
138	6.047	6.754	7.286	7.853	8.734
139	6.062	6.77	7.302	7.87	8.753
140	6.076	6.785	7.319	7.888	8.772
141	6.091	6.801	7.335	7.905	8.79
142	6.105	6.816	7.351	7.922	8.809
143	6.119	6.831	7.367	7.939	8.827
144	6.133	6.847	7.383	7.956	8.846
145	6.147	6.862	7.399	7.972	8.864
146	6.161	6.877	7.415	7.989	8.882
147	6.175	6.891	7.431	8.006	8.9
148	6.188	6.906	7.446	8.022	8.918
149	6.202	6.921	7.462	8.039	8.935
150	6.215	6.935	7.477	8.055	8.953
151	6.229	6.95	7.493	8.071	8.971
152	6.242	6.964	7.508	8.087	8.988
153	6.255	6.979	7.523	8.103	9.006
154	6.268	6.993	7.538	8.119	9.023
155	6.281	7.007	7.553	8.135	9.04
156	6.294	7.021	7.568	8.151	9.057
157	6.307	7.035	7.582	8.166	9.074
158	6.32	7.049	7.597	8.182	9.091
159	6.333	7.063	7.612	8.197	9.108
160	6.345	7.076	7.626	8.213	9.125
161	6.358	7.09	7.641	8.228	9.141
162	6.37	7.103	7.655	8.243	9.158
163	6.383	7.117	7.669	8.258	9.174
164	6.395	7.13	7.683	8.273	9.191
165	6.407	7.144	7.698	8.288	9.207
166	6.42	7.157	7.712	8.303	9.223
167	6.432	7.17	7.726	8.318	9.239
168	6.444	7.183	7.739	8.333	9.255
169	6.456	7.196	7.753	8.347	9.272
170	6.467	7.209	7.767	8.362	9.287
171	6.479	7.222	7.781	8.376	9.303
172	6.491	7.235	7.794	8.391	9.319
173	6.503	7.247	7.808	8.405	9.335
174	6.514	7.26	7.821	8.419	9.35
175	6.526	7.273	7.834	8.434	9.366
176	6.537	7.285	7.848	8.448	9.381
177	6.549	7.297	7.861	8.462	9.397
178	6.56	7.31	7.874	8.476	9.412
179	6.571	7.322	7.887	8.49	9.427
180	6.583	7.334	7.9	8.504	9.442
181	6.594	7.347	7.913	8.517	9.457
182	6.605	7.359	7.926	8.531	9.472
183	6.616	7.371	7.939	8.545	9.488
184	6.627	7.383	7.952	8.558	9.502
185	6.638	7.395	7.964	8.572	9.517
186	6.649	7.407	7.977	8.586	9.532
187	6.659	7.418	7.99	8.599	9.547
188	6.67	7.43	8.002	8.612	9.562
189	6.681	7.442	8.015	8.625	9.576
190	6.691	7.453	8.027	8.639	9.591
191	6.702	7.465	8.039	8.652	9.605
192	6.713	7.477	8.052	8.665	9.619
193	6.723	7.488	8.064	8.678	9.634
194	6.734	7.499	8.076	8.691	9.648
195	6.744	7.511	8.088	8.704	9.662
196	6.754	7.522	8.1	8.717	9.676
197	6.764	7.533	8.112	8.73	9.69
198	6.775	7.544	8.124	8.742	9.705
199	6.785	7.555	8.136	8.755	9.718
200	6.795	7.567	8.148	8.767	9.732
201	6.805	7.578	8.159	8.78	9.746
202	6.815	7.589	8.171	8.793	9.76
203	6.825	7.599	8.183	8.805	9.774
204	6.835	7.61	8.194	8.817	9.787
205	6.844	7.621	8.206	8.83	9.801
206	6.854	7.632	8.217	8.842	9.815
207	6.864	7.643	8.229	8.854	9.828
208	6.874	7.653	8.24	8.866	9.841
209	6.883	7.664	8.251	8.879	9.855
210	6.893	7.674	8.263	8.891	9.868
211	6.902	7.685	8.274	8.903	9.882
212	6.912	7.695	8.285	8.915	9.895
213	6.922	7.706	8.296	8.927	9.908
214	6.931	7.716	8.307	8.939	9.921
215	6.94	7.726	8.318	8.95	9.934
216	6.95	7.737	8.329	8.962	9.947
217	6.959	7.747	8.34	8.974	9.96
218	6.968	7.757	8.351	8.986	9.973
219	6.977	7.767	8.362	8.997	9.986
220	6.987	7.777	8.373	9.009	9.999
221	6.996	7.787	8.384	9.02	10.011
222	7.005	7.797	8.394	9.032	10.024
223	7.014	7.807	8.405	9.043	10.037
224	7.023	7.817	8.416	9.055	10.05
225	7.032	7.827	8.426	9.066	10.062
226	7.041	7.837	8.437	9.077	10.075
227	7.05	7.847	8.447	9.089	10.087
228	7.058	7.857	8.458	9.1	10.1
229	7.067	7.866	8.468	9.111	10.112
230	7.076	7.876	8.479	9.122	10.124
231	7.085	7.886	8.489	9.133	10.137
232	7.094	7.895	8.499	9.144	10.149
233	7.102	7.905	8.51	9.155	10.161
234	7.111	7.914	8.52	9.166	10.173
235	7.12	7.924	8.53	9.177	10.186
236	7.128	7.933	8.54	9.188	10.198
237	7.137	7.943	8.55	9.199	10.21
238	7.145	7.952	8.56	9.21	10.222
239	7.154	7.962	8.57	9.221	10.234
240	7.162	7.971	8.58	9.231	10.246
241	7.17	7.98	8.59	9.242	10.258
242	7.179	7.989	8.6	9.253	10.269
243	7.187	7.999	8.61	9.263	10.281
244	7.195	8.008	8.62	9.274	10.293
245	7.204	8.017	8.63	9.285	10.305
246	7.212	8.026	8.64	9.295	10.316
247	7.22	8.035	8.649	9.306	10.328
248	7.228	8.044	8.659	9.316	10.34
249	7.237	8.053	8.669	9.327	10.352
250	7.245	8.062	8.679	9.337	10.363
251	7.253	8.071	8.688	9.347	10.375
252	7.261	8.08	8.698	9.358	10.386
253	7.269	8.089	8.707	9.368	10.397
254	7.277	8.098	8.717	9.378	10.409
255	7.285	8.107	8.726	9.388	10.42
256	7.293	8.116	8.736	9.399	10.432
257	7.301	8.124	8.745	9.409	10.443
258	7.309	8.133	8.755	9.419	10.454
259	7.317	8.142	8.764	9.429	10.466
260	7.324	8.151	8.774	9.439	10.477
261	7.332	8.159	8.783	9.449	10.488
262	7.34	8.168	8.792	9.459	10.499
263	7.348	8.177	8.802	9.469	10.51
264	7.356	8.185	8.811	9.479	10.522
265	7.363	8.194	8.82	9.489	10.533
266	7.371	8.202	8.829	9.499	10.544
267	7.379	8.211	8.838	9.509	10.555
268	7.387	8.219	8.848	9.519	10.566
269	7.394	8.228	8.857	9.529	10.577
270	7.402	8.236	8.866	9.539	10.588
271	7.409	8.245	8.875	9.548	10.598
272	7.417	8.253	8.884	9.558	10.61
273	7.425	8.262	8.893	9.568	10.62
274	7.432	8.27	8.902	9.577	10.631
275	7.44	8.278	8.911	9.587	10.642
276	7.447	8.287	8.92	9.597	10.653
277	7.455	8.295	8.929	9.606	10.664
278	7.462	8.303	8.938	9.616	10.674
279	7.469	8.311	8.947	9.626	10.685
280	7.477	8.32	8.956	9.635	10.696
281	7.484	8.328	8.964	9.645	10.706
282	7.492	8.336	8.973	9.654	10.717
283	7.499	8.344	8.982	9.664	10.728
284	7.506	8.352	8.991	9.673	10.738
285	7.514	8.361	9	9.683	10.749
286	7.521	8.369	9.008	9.692	10.759
287	7.528	8.377	9.017	9.701	10.77
288	7.536	8.385	9.026	9.711	10.78
289	7.543	8.393	9.034	9.72	10.791
290	7.55	8.401	9.043	9.73	10.801
291	7.557	8.409	9.052	9.739	10.811
292	7.564	8.417	9.06	9.748	10.822
293	7.571	8.425	9.069	9.757	10.832
294	7.578	8.433	9.077	9.767	10.843
295	7.586	8.441	9.086	9.776	10.853
296	7.593	8.448	9.094	9.785	10.863
297	7.6	8.456	9.103	9.794	10.874
298	7.607	8.464	9.111	9.803	10.884
299	7.614	8.472	9.12	9.813	10.894
300	7.621	8.48	9.128	9.822	10.904
301	7.628	8.488	9.137	9.831	10.914
302	7.635	8.495	9.145	9.84	10.925
303	7.642	8.503	9.153	9.849	10.935
304	7.649	8.511	9.162	9.858	10.945
305	7.656	8.519	9.17	9.867	10.955
306	7.663	8.527	9.179	9.876	10.965
307	7.67	8.534	9.187	9.885	10.975
308	7.677	8.542	9.195	9.894	10.985
309	7.684	8.55	9.203	9.903	10.995
310	7.691	8.557	9.212	9.912	11.005
311	7.697	8.565	9.22	9.921	11.015
312	7.704	8.573	9.228	9.93	11.025
313	7.711	8.58	9.236	9.939	11.035
314	7.718	8.588	9.245	9.947	11.045
315	7.725	8.595	9.253	9.956	11.055
316	7.732	8.603	9.261	9.965	11.065
317	7.738	8.61	9.269	9.974	11.075
318	7.745	8.618	9.277	9.983	11.085
319	7.752	8.626	9.285	9.991	11.094
320	7.759	8.633	9.294	10	11.104
321	7.765	8.641	9.302	10.009	11.114
322	7.772	8.648	9.31	10.018	11.124
323	7.779	8.656	9.318	10.027	11.134
324	7.785	8.663	9.326	10.035	11.144
325	7.792	8.67	9.334	10.044	11.153
326	7.799	8.678	9.342	10.053	11.163
327	7.805	8.685	9.35	10.061	11.173
328	7.812	8.693	9.358	10.07	11.182
329	7.819	8.7	9.366	10.079	11.192
330	7.825	8.708	9.374	10.087	11.202
331	7.832	8.715	9.382	10.096	11.212
332	7.839	8.722	9.39	10.104	11.221
333	7.845	8.73	9.398	10.113	11.231
334	7.852	8.737	9.406	10.122	11.24
335	7.858	8.744	9.414	10.13	11.25
336	7.865	8.752	9.422	10.139	11.26
337	7.872	8.759	9.429	10.147	11.269
338	7.878	8.766	9.437	10.156	11.279
339	7.885	8.774	9.445	10.164	11.288
340	7.891	8.781	9.453	10.173	11.298
341	7.898	8.788	9.461	10.181	11.308
342	7.904	8.795	9.469	10.19	11.317
343	7.911	8.802	9.477	10.198	11.327
344	7.917	8.81	9.484	10.207	11.336
345	7.924	8.817	9.492	10.215	11.346
346	7.93	8.824	9.5	10.224	11.355
347	7.936	8.831	9.508	10.232	11.364
348	7.943	8.839	9.516	10.24	11.374
349	7.949	8.846	9.523	10.249	11.384
350	7.956	8.853	9.531	10.257	11.393
351	7.962	8.86	9.539	10.266	11.402
352	7.969	8.867	9.546	10.274	11.412
353	7.975	8.874	9.554	10.282	11.421
354	7.981	8.881	9.562	10.291	11.431
355	7.988	8.889	9.57	10.299	11.44
356	7.994	8.896	9.577	10.307	11.449
357	8	8.903	9.585	10.316	11.459
358	8.007	8.91	9.593	10.324	11.468
359	8.013	8.917	9.6	10.332	11.477
360	8.019	8.924	9.608	10.341	11.487
361	8.026	8.931	9.616	10.349	11.496
362	8.032	8.938	9.623	10.357	11.505
363	8.038	8.945	9.631	10.365	11.515
364	8.045	8.952	9.638	10.374	11.524
365	8.051	8.959	9.646	10.382	11.533
366	8.057	8.966	9.654	10.39	11.542
367	8.063	8.973	9.661	10.398	11.551
368	8.07	8.98	9.669	10.406	11.561
369	8.076	8.987	9.676	10.415	11.57
370	8.082	8.994	9.684	10.423	11.579
371	8.088	9.001	9.691	10.431	11.588
372	8.095	9.008	9.699	10.439	11.598
373	8.101	9.015	9.706	10.447	11.607
374	8.107	9.022	9.714	10.455	11.616
375	8.113	9.029	9.721	10.464	11.625
376	8.119	9.036	9.729	10.472	11.634
377	8.126	9.043	9.736	10.48	11.643
378	8.132	9.05	9.744	10.488	11.653
379	8.138	9.057	9.751	10.496	11.662
380	8.144	9.063	9.759	10.504	11.671
381	8.15	9.07	9.766	10.512	11.68
382	8.156	9.077	9.774	10.52	11.689
383	8.163	9.084	9.781	10.528	11.698
384	8.169	9.091	9.789	10.536	11.707
385	8.175	9.098	9.796	10.544	11.716
386	8.181	9.105	9.804	10.553	11.725
387	8.187	9.111	9.811	10.561	11.734
388	8.193	9.118	9.818	10.569	11.744
389	8.199	9.125	9.826	10.577	11.752
390	8.205	9.132	9.833	10.585	11.761
391	8.211	9.139	9.84	10.593	11.771
392	8.218	9.145	9.848	10.601	11.78
393	8.224	9.152	9.855	10.609	11.789
394	8.23	9.159	9.863	10.617	11.798
395	8.236	9.166	9.87	10.625	11.807
396	8.242	9.173	9.877	10.633	11.816
397	8.248	9.179	9.885	10.641	11.825
398	8.254	9.186	9.892	10.648	11.834
399	8.26	9.193	9.899	10.657	11.843
400	8.266	9.2	9.907	10.664	11.852
401	8.272	9.206	9.914	10.672	11.861
402	8.278	9.213	9.921	10.68	11.869
403	8.284	9.22	9.928	10.688	11.878
404	8.29	9.227	9.936	10.696	11.887
405	8.296	9.233	9.943	10.704	11.896
406	8.302	9.24	9.95	10.712	11.905
407	8.308	9.247	9.958	10.72	11.914
408	8.314	9.253	9.965	10.728	11.923
409	8.32	9.26	9.972	10.736	11.932
410	8.326	9.267	9.979	10.743	11.941
411	8.332	9.273	9.987	10.751	11.95
412	8.338	9.28	9.994	10.759	11.958
413	8.344	9.287	10.001	10.767	11.967
414	8.349	9.293	10.008	10.775	11.976
415	8.355	9.3	10.015	10.783	11.985
416	8.361	9.307	10.023	10.791	11.994
417	8.367	9.313	10.03	10.798	12.003
418	8.373	9.32	10.037	10.806	12.012
419	8.379	9.327	10.044	10.814	12.021
420	8.385	9.333	10.051	10.822	12.029
421	8.391	9.34	10.059	10.83	12.038
422	8.397	9.346	10.066	10.837	12.047
423	8.403	9.353	10.073	10.845	12.056
424	8.409	9.36	10.08	10.853	12.065
425	8.414	9.366	10.087	10.861	12.073
426	8.42	9.373	10.094	10.869	12.082
427	8.426	9.379	10.102	10.876	12.091
428	8.432	9.386	10.109	10.884	12.1
429	8.438	9.393	10.116	10.892	12.109
430	8.444	9.399	10.123	10.9	12.117
431	8.45	9.406	10.13	10.907	12.126
432	8.455	9.412	10.137	10.915	12.135
433	8.461	9.419	10.144	10.923	12.144
434	8.467	9.425	10.152	10.931	12.152
435	8.473	9.432	10.159	10.938	12.161
436	8.479	9.438	10.166	10.946	12.17
437	8.485	9.445	10.173	10.954	12.179
438	8.49	9.452	10.18	10.962	12.187
439	8.496	9.458	10.187	10.969	12.196
440	8.502	9.465	10.194	10.977	12.205
441	8.508	9.471	10.201	10.985	12.214
442	8.513	9.478	10.208	10.992	12.222
443	8.519	9.484	10.215	11	12.231
444	8.525	9.491	10.222	11.008	12.24
445	8.531	9.497	10.229	11.016	12.248
446	8.537	9.504	10.237	11.023	12.257
447	8.542	9.51	10.244	11.031	12.266
448	8.548	9.517	10.251	11.039	12.275
449	8.554	9.523	10.258	11.046	12.283
450	8.56	9.53	10.265	11.054	12.292
451	8.565	9.536	10.272	11.062	12.301
452	8.571	9.543	10.279	11.069	12.309
453	8.577	9.549	10.286	11.077	12.318
454	8.583	9.555	10.293	11.085	12.327
455	8.588	9.562	10.3	11.092	12.335
456	8.594	9.568	10.307	11.1	12.344
457	8.6	9.575	10.314	11.108	12.353
458	8.606	9.581	10.321	11.115	12.361
459	8.611	9.588	10.328	11.123	12.37
460	8.617	9.594	10.335	11.13	12.379
461	8.623	9.601	10.342	11.138	12.387
462	8.629	9.607	10.349	11.146	12.396
463	8.634	9.613	10.356	11.153	12.405
464	8.64	9.62	10.363	11.161	12.413
465	8.646	9.626	10.37	11.169	12.422
466	8.651	9.633	10.377	11.176	12.431
467	8.657	9.639	10.384	11.184	12.439
468	8.663	9.645	10.391	11.191	12.448
469	8.668	9.652	10.398	11.199	12.457
470	8.674	9.658	10.405	11.207	12.465
471	8.68	9.665	10.412	11.214	12.474
472	8.685	9.671	10.419	11.222	12.482
473	8.691	9.678	10.426	11.229	12.491
474	8.697	9.684	10.433	11.237	12.499
475	8.703	9.69	10.44	11.245	12.508
476	8.708	9.697	10.447	11.252	12.517
477	8.714	9.703	10.454	11.26	12.525
478	8.719	9.709	10.46	11.267	12.534
479	8.725	9.716	10.467	11.275	12.543
480	8.731	9.722	10.474	11.282	12.551
481	8.736	9.729	10.481	11.29	12.56
482	8.742	9.735	10.488	11.298	12.568
483	8.748	9.741	10.495	11.305	12.577
484	8.753	9.748	10.502	11.313	12.586
485	8.759	9.754	10.509	11.32	12.594
486	8.765	9.76	10.516	11.328	12.603
487	8.77	9.767	10.523	11.335	12.611
488	8.776	9.773	10.53	11.343	12.62
489	8.781	9.779	10.537	11.35	12.629
490	8.787	9.786	10.544	11.358	12.637
491	8.793	9.792	10.551	11.366	12.646
492	8.798	9.798	10.557	11.373	12.654
493	8.804	9.805	10.564	11.381	12.663
494	8.81	9.811	10.571	11.388	12.671
495	8.815	9.817	10.578	11.396	12.68
496	8.821	9.824	10.585	11.403	12.688
497	8.826	9.83	10.592	11.411	12.697
498	8.832	9.836	10.599	11.418	12.705
499	8.837	9.843	10.606	11.426	12.714
500	8.843	9.849	10.613	11.433	12.723
501	8.849	9.855	10.619	11.441	12.731
502	8.854	9.862	10.626	11.448	12.74
503	8.86	9.868	10.633	11.456	12.748
504	8.865	9.874	10.64	11.463	12.757
505	8.871	9.88	10.647	11.471	12.765
506	8.877	9.887	10.654	11.478	12.774
507	8.882	9.893	10.661	11.486	12.782
508	8.888	9.899	10.667	11.493	12.791
509	8.893	9.906	10.674	11.501	12.799
510	8.899	9.912	10.681	11.508	12.808
511	8.904	9.918	10.688	11.516	12.816
512	8.91	9.924	10.695	11.523	12.825
513	8.915	9.931	10.702	11.531	12.833
514	8.921	9.937	10.708	11.538	12.842
515	8.927	9.943	10.715	11.545	12.85
516	8.932	9.949	10.722	11.553	12.859
517	8.938	9.956	10.729	11.56	12.867
518	8.943	9.962	10.736	11.568	12.876
519	8.949	9.968	10.743	11.575	12.885
520	8.954	9.974	10.749	11.583	12.893
521	8.96	9.981	10.756	11.59	12.901
522	8.965	9.987	10.763	11.598	12.91
523	8.971	9.993	10.77	11.605	12.918
524	8.976	9.999	10.777	11.613	12.927
525	8.982	10.006	10.784	11.62	12.935
526	8.987	10.012	10.79	11.628	12.944
527	8.993	10.018	10.797	11.635	12.952
528	8.998	10.024	10.804	11.642	12.961
529	9.004	10.031	10.811	11.65	12.97
530	9.009	10.037	10.817	11.657	12.978
531	9.015	10.043	10.824	11.665	12.986
532	9.02	10.049	10.831	11.672	12.995
533	9.026	10.055	10.838	11.679	13.003
534	9.031	10.062	10.845	11.687	13.012
535	9.037	10.068	10.851	11.694	13.02
536	9.042	10.074	10.858	11.702	13.029
537	9.048	10.08	10.865	11.709	13.037
538	9.053	10.086	10.872	11.717	13.046
539	9.059	10.093	10.879	11.724	13.054
540	9.064	10.099	10.885	11.731	13.062
541	9.069	10.105	10.892	11.739	13.071
542	9.075	10.111	10.899	11.746	13.079
543	9.08	10.117	10.906	11.754	13.088
544	9.086	10.124	10.912	11.761	13.096
545	9.091	10.13	10.919	11.768	13.105
546	9.097	10.136	10.926	11.776	13.113
547	9.102	10.142	10.933	11.783	13.122
548	9.108	10.148	10.939	11.791	13.13
549	9.113	10.154	10.946	11.798	13.139
550	9.119	10.161	10.953	11.805	13.147
551	9.124	10.167	10.96	11.813	13.156
552	9.129	10.173	10.966	11.82	13.164
553	9.135	10.179	10.973	11.828	13.172
554	9.14	10.185	10.98	11.835	13.181
555	9.146	10.191	10.987	11.842	13.189
556	9.151	10.198	10.993	11.85	13.198
557	9.157	10.204	11	11.857	13.206
558	9.162	10.21	11.007	11.864	13.215
559	9.167	10.216	11.013	11.872	13.223
560	9.173	10.222	11.02	11.879	13.232
561	9.178	10.228	11.027	11.887	13.24
562	9.184	10.234	11.034	11.894	13.248
563	9.189	10.241	11.04	11.901	13.257
564	9.194	10.247	11.047	11.909	13.265
565	9.2	10.253	11.054	11.916	13.274
566	9.205	10.259	11.061	11.923	13.282
567	9.211	10.265	11.067	11.931	13.291
568	9.216	10.271	11.074	11.938	13.299
569	9.221	10.277	11.081	11.945	13.307
570	9.227	10.284	11.087	11.953	13.316
571	9.232	10.29	11.094	11.96	13.324
572	9.237	10.296	11.101	11.968	13.333
573	9.243	10.302	11.107	11.975	13.341
574	9.248	10.308	11.114	11.982	13.349
575	9.254	10.314	11.121	11.99	13.358
576	9.259	10.32	11.128	11.997	13.366
577	9.264	10.326	11.134	12.004	13.375
578	9.27	10.332	11.141	12.012	13.383
579	9.275	10.339	11.148	12.019	13.392
580	9.281	10.345	11.154	12.026	13.4
581	9.286	10.351	11.161	12.034	13.408
582	9.291	10.357	11.168	12.041	13.417
583	9.296	10.363	11.174	12.048	13.425
584	9.302	10.369	11.181	12.056	13.433
585	9.307	10.375	11.188	12.063	13.442
586	9.313	10.381	11.194	12.07	13.45
587	9.318	10.387	11.201	12.078	13.459
588	9.323	10.393	11.208	12.085	13.467
589	9.329	10.399	11.214	12.092	13.476
590	9.334	10.406	11.221	12.1	13.484
591	9.339	10.412	11.228	12.107	13.492
592	9.345	10.418	11.235	12.114	13.501
593	9.35	10.424	11.241	12.122	13.509
594	9.355	10.43	11.248	12.129	13.518
595	9.361	10.436	11.255	12.136	13.526
596	9.366	10.442	11.261	12.144	13.535
597	9.371	10.448	11.268	12.151	13.543
598	9.377	10.454	11.275	12.158	13.551
599	9.382	10.46	11.281	12.166	13.56
600	9.387	10.466	11.288	12.173	13.568
601	9.393	10.472	11.295	12.18	13.577
602	9.398	10.479	11.301	12.188	13.585
603	9.403	10.485	11.308	12.195	13.593
604	9.409	10.491	11.315	12.202	13.602
605	9.414	10.497	11.321	12.21	13.61
606	9.419	10.503	11.328	12.217	13.619
607	9.425	10.509	11.335	12.224	13.627
608	9.43	10.515	11.341	12.232	13.636
609	9.435	10.521	11.348	12.239	13.644
610	9.441	10.527	11.355	12.246	13.652
611	9.446	10.533	11.361	12.254	13.661
612	9.451	10.539	11.368	12.261	13.669
613	9.457	10.545	11.375	12.268	13.678
614	9.462	10.551	11.381	12.276	13.686
615	9.467	10.558	11.388	12.283	13.694
616	9.473	10.564	11.395	12.29	13.703
617	9.478	10.57	11.401	12.297	13.711
618	9.483	10.576	11.408	12.305	13.72
619	9.488	10.582	11.414	12.312	13.728
620	9.494	10.588	11.421	12.319	13.736
621	9.499	10.594	11.428	12.327	13.745
622	9.504	10.6	11.434	12.334	13.753
623	9.51	10.606	11.441	12.341	13.762
624	9.515	10.612	11.448	12.349	13.77
625	9.52	10.618	11.454	12.356	13.779
626	9.526	10.624	11.461	12.363	13.787
627	9.531	10.63	11.468	12.371	13.795
628	9.536	10.636	11.474	12.378	13.804
629	9.542	10.642	11.481	12.385	13.812
630	9.547	10.648	11.488	12.393	13.821
631	9.552	10.654	11.494	12.4	13.829
632	9.557	10.66	11.501	12.407	13.837
633	9.563	10.666	11.508	12.415	13.846
634	9.568	10.672	11.514	12.422	13.854
635	9.573	10.679	11.521	12.429	13.863
636	9.579	10.685	11.527	12.437	13.871
637	9.584	10.691	11.534	12.444	13.88
638	9.589	10.697	11.541	12.451	13.888
639	9.594	10.703	11.547	12.459	13.897
640	9.6	10.709	11.554	12.466	13.905
641	9.605	10.715	11.561	12.473	13.913
642	9.61	10.721	11.567	12.48	13.922
643	9.615	10.727	11.574	12.488	13.93
644	9.621	10.733	11.581	12.495	13.939
645	9.626	10.739	11.587	12.502	13.947
646	9.631	10.745	11.594	12.51	13.955
647	9.637	10.751	11.601	12.517	13.964
648	9.642	10.757	11.607	12.524	13.972
649	9.647	10.763	11.614	12.532	13.981
650	9.652	10.769	11.62	12.539	13.989
651	9.658	10.775	11.627	12.546	13.998
652	9.663	10.781	11.634	12.553	14.006
653	9.668	10.787	11.64	12.561	14.014
654	9.673	10.793	11.647	12.568	14.023
655	9.679	10.799	11.654	12.575	14.031
656	9.684	10.805	11.66	12.583	14.04
657	9.689	10.811	11.667	12.59	14.048
658	9.694	10.817	11.673	12.597	14.057
659	9.7	10.823	11.68	12.605	14.065
660	9.705	10.829	11.687	12.612	14.073
661	9.71	10.835	11.693	12.619	14.082
662	9.715	10.841	11.7	12.627	14.09
663	9.721	10.847	11.707	12.634	14.099
664	9.726	10.853	11.713	12.641	14.107
665	9.731	10.859	11.72	12.649	14.116
666	9.736	10.865	11.726	12.656	14.124
667	9.742	10.871	11.733	12.663	14.133
668	9.747	10.877	11.74	12.67	14.141
669	9.752	10.883	11.746	12.678	14.149
670	9.757	10.889	11.753	12.685	14.158
671	9.763	10.895	11.76	12.692	14.166
672	9.768	10.901	11.766	12.7	14.174
673	9.773	10.907	11.773	12.707	14.183
674	9.778	10.913	11.779	12.714	14.191
675	9.784	10.919	11.786	12.722	14.2
676	9.789	10.925	11.793	12.729	14.208
677	9.794	10.931	11.799	12.736	14.217
678	9.799	10.937	11.806	12.743	14.225
679	9.805	10.943	11.812	12.751	14.234
680	9.81	10.949	11.819	12.758	14.242
681	9.815	10.955	11.826	12.765	14.251
682	9.82	10.961	11.832	12.773	14.259
683	9.825	10.967	11.839	12.78	14.267
684	9.831	10.973	11.845	12.787	14.276
685	9.836	10.979	11.852	12.794	14.284
686	9.841	10.985	11.859	12.802	14.293
687	9.846	10.991	11.865	12.809	14.301
688	9.852	10.997	11.872	12.816	14.309
689	9.857	11.003	11.878	12.824	14.318
690	9.862	11.009	11.885	12.831	14.326
691	9.867	11.015	11.892	12.838	14.335
692	9.872	11.021	11.898	12.845	14.343
693	9.878	11.027	11.905	12.853	14.351
694	9.883	11.033	11.911	12.86	14.36
695	9.888	11.039	11.918	12.867	14.368
696	9.893	11.045	11.925	12.875	14.377
697	9.898	11.051	11.931	12.882	14.385
698	9.904	11.057	11.938	12.889	14.394
699	9.909	11.063	11.944	12.896	14.402
700	9.914	11.069	11.951	12.904	14.411
701	9.919	11.075	11.958	12.911	14.419
702	9.924	11.081	11.964	12.918	14.428
703	9.93	11.087	11.971	12.926	14.436
704	9.935	11.093	11.977	12.933	14.444
705	9.94	11.099	11.984	12.94	14.453
706	9.945	11.105	11.991	12.947	14.461
707	9.95	11.111	11.997	12.955	14.47
708	9.956	11.117	12.004	12.962	14.478
709	9.961	11.123	12.01	12.969	14.487
710	9.966	11.129	12.017	12.977	14.495
711	9.971	11.135	12.023	12.984	14.503
712	9.976	11.141	12.03	12.991	14.512
713	9.982	11.147	12.037	12.998	14.52
714	9.987	11.153	12.043	13.006	14.529
715	9.992	11.158	12.05	13.013	14.537
716	9.997	11.164	12.056	13.02	14.545
717	10.002	11.17	12.063	13.028	14.554
718	10.007	11.176	12.069	13.035	14.562
719	10.013	11.182	12.076	13.042	14.571
720	10.018	11.188	12.083	13.049	14.579
721	10.023	11.194	12.089	13.056	14.587
722	10.028	11.2	12.096	13.064	14.596
723	10.033	11.206	12.102	13.071	14.604
724	10.038	11.212	12.109	13.078	14.613
725	10.043	11.218	12.115	13.086	14.621
726	10.049	11.224	12.122	13.093	14.63
727	10.054	11.23	12.129	13.1	14.638
728	10.059	11.236	12.135	13.107	14.646
729	10.064	11.242	12.142	13.115	14.655
730	10.069	11.248	12.148	13.122	14.663
731	10.075	11.254	12.155	13.129	14.672
732	10.08	11.26	12.161	13.136	14.68
733	10.085	11.265	12.168	13.144	14.689
734	10.09	11.271	12.174	13.151	14.697
735	10.095	11.277	12.181	13.158	14.705
736	10.1	11.283	12.188	13.165	14.714
737	10.105	11.289	12.194	13.173	14.722
738	10.111	11.295	12.201	13.18	14.731
739	10.116	11.301	12.207	13.187	14.739
740	10.121	11.307	12.214	13.194	14.747
741	10.126	11.313	12.22	13.202	14.756
742	10.131	11.319	12.227	13.209	14.764
743	10.136	11.325	12.233	13.216	14.773
744	10.141	11.33	12.24	13.223	14.781
745	10.146	11.336	12.246	13.231	14.79
746	10.151	11.342	12.253	13.238	14.798
747	10.157	11.348	12.259	13.245	14.806
748	10.162	11.354	12.266	13.252	14.815
749	10.167	11.36	12.273	13.26	14.823
750	10.172	11.366	12.279	13.267	14.832
751	10.177	11.372	12.286	13.274	14.84
752	10.182	11.378	12.292	13.281	14.848
753	10.187	11.384	12.299	13.288	14.857
754	10.192	11.39	12.305	13.296	14.865
755	10.198	11.395	12.312	13.303	14.873
756	10.203	11.401	12.318	13.31	14.882
757	10.208	11.407	12.325	13.317	14.89
758	10.213	11.413	12.331	13.324	14.899
759	10.218	11.419	12.338	13.332	14.907
760	10.223	11.425	12.344	13.339	14.915
761	10.228	11.431	12.351	13.346	14.924
762	10.233	11.436	12.357	13.353	14.932
763	10.238	11.442	12.364	13.361	14.941
764	10.243	11.448	12.37	13.368	14.949
765	10.248	11.454	12.377	13.375	14.957
766	10.253	11.46	12.383	13.382	14.966
767	10.258	11.466	12.39	13.389	14.974
768	10.264	11.472	12.396	13.396	14.982
769	10.269	11.478	12.403	13.404	14.991
770	10.274	11.483	12.409	13.411	14.999
771	10.279	11.489	12.415	13.418	15.007
772	10.284	11.495	12.422	13.425	15.016
773	10.289	11.501	12.428	13.432	15.024
774	10.294	11.507	12.435	13.439	15.032
775	10.299	11.513	12.441	13.447	15.041
776	10.304	11.518	12.448	13.454	15.049
777	10.309	11.524	12.454	13.461	15.057
778	10.314	11.53	12.461	13.468	15.066
779	10.319	11.536	12.467	13.475	15.074
780	10.324	11.542	12.474	13.482	15.082
781	10.329	11.547	12.48	13.49	15.091
782	10.334	11.553	12.486	13.497	15.099
783	10.339	11.559	12.493	13.504	15.107
784	10.344	11.565	12.499	13.511	15.116
785	10.349	11.571	12.506	13.518	15.124
786	10.354	11.576	12.512	13.525	15.132
787	10.359	11.582	12.519	13.533	15.141
788	10.364	11.588	12.525	13.54	15.149
789	10.369	11.594	12.531	13.547	15.157
790	10.374	11.6	12.538	13.554	15.166
791	10.379	11.605	12.544	13.561	15.174
792	10.384	11.611	12.551	13.568	15.182
793	10.389	11.617	12.557	13.575	15.19
794	10.394	11.623	12.563	13.582	15.198
795	10.399	11.629	12.57	13.589	15.207
796	10.404	11.634	12.576	13.596	15.215
797	10.409	11.64	12.583	13.604	15.223
798	10.414	11.646	12.589	13.611	15.232
799	10.419	11.652	12.595	13.618	15.24
800	10.424	11.657	12.602	13.625	15.248
801	10.429	11.663	12.608	13.632	15.256
802	10.434	11.669	12.615	13.639	15.265
803	10.439	11.675	12.621	13.646	15.273
804	10.444	11.68	12.627	13.653	15.281
805	10.449	11.686	12.634	13.66	15.289
806	10.454	11.692	12.64	13.667	15.298
807	10.459	11.698	12.646	13.674	15.306
808	10.464	11.703	12.653	13.681	15.314
809	10.469	11.709	12.659	13.689	15.322
810	10.474	11.715	12.665	13.696	15.331
811	10.479	11.72	12.672	13.703	15.339
812	10.484	11.726	12.678	13.71	15.347
813	10.489	11.732	12.684	13.717	15.355
814	10.494	11.738	12.691	13.724	15.364
815	10.498	11.743	12.697	13.731	15.372
816	10.503	11.749	12.703	13.738	15.38
817	10.508	11.755	12.71	13.745	15.388
818	10.513	11.76	12.716	13.752	15.396
819	10.518	11.766	12.722	13.759	15.405
820	10.523	11.772	12.729	13.766	15.413
821	10.528	11.777	12.735	13.773	15.421
822	10.533	11.783	12.741	13.78	15.429
823	10.538	11.789	12.748	13.787	15.437
824	10.543	11.794	12.754	13.794	15.445
825	10.548	11.8	12.76	13.801	15.454
826	10.552	11.806	12.767	13.808	15.462
827	10.557	11.812	12.773	13.815	15.47
828	10.562	11.817	12.779	13.822	15.478
829	10.567	11.823	12.785	13.829	15.486
830	10.572	11.828	12.792	13.836	15.494
831	10.577	11.834	12.798	13.843	15.503
832	10.582	11.84	12.804	13.85	15.511
833	10.587	11.845	12.81	13.857	15.519
834	10.591	11.851	12.817	13.864	15.527
835	10.596	11.857	12.823	13.871	15.535
836	10.601	11.862	12.829	13.878	15.543
837	10.606	11.868	12.836	13.885	15.551
838	10.611	11.874	12.842	13.892	15.56
839	10.616	11.879	12.848	13.899	15.568
840	10.621	11.885	12.854	13.905	15.576
841	10.625	11.89	12.86	13.912	15.584
842	10.63	11.896	12.867	13.919	15.592
843	10.635	11.902	12.873	13.926	15.6
844	10.64	11.907	12.879	13.933	15.608
845	10.645	11.913	12.885	13.94	15.616
846	10.65	11.918	12.892	13.947	15.624
847	10.655	11.924	12.898	13.954	15.632
848	10.659	11.93	12.904	13.961	15.64
849	10.664	11.935	12.91	13.968	15.648
850	10.669	11.941	12.916	13.975	15.657
851	10.674	11.946	12.923	13.981	15.665
852	10.679	11.952	12.929	13.988	15.673
853	10.683	11.958	12.935	13.995	15.681
854	10.688	11.963	12.941	14.002	15.689
855	10.693	11.969	12.947	14.009	15.697
856	10.698	11.974	12.954	14.016	15.705
857	10.702	11.98	12.96	14.023	15.713
858	10.707	11.985	12.966	14.03	15.721
859	10.712	11.991	12.972	14.037	15.729
860	10.717	11.996	12.978	14.043	15.737
861	10.721	12.002	12.984	14.05	15.745
862	10.726	12.007	12.991	14.057	15.753
863	10.731	12.013	12.997	14.064	15.761
864	10.736	12.019	13.003	14.071	15.769
865	10.741	12.024	13.009	14.078	15.777
866	10.746	12.03	13.015	14.084	15.785
867	10.75	12.035	13.021	14.091	15.793
868	10.755	12.041	13.027	14.098	15.801
869	10.76	12.046	13.033	14.105	15.809
870	10.764	12.052	13.04	14.112	15.817
871	10.769	12.057	13.046	14.119	15.825
872	10.774	12.063	13.052	14.125	15.833
873	10.779	12.068	13.058	14.132	15.841
874	10.783	12.074	13.064	14.139	15.849
875	10.788	12.079	13.07	14.146	15.857
876	10.793	12.085	13.076	14.153	15.865
877	10.797	12.09	13.082	14.159	15.873
878	10.802	12.096	13.088	14.166	15.881
879	10.807	12.101	13.095	14.173	15.888
880	10.812	12.107	13.101	14.18	15.896
881	10.816	12.112	13.107	14.186	15.904
882	10.821	12.117	13.113	14.193	15.912
883	10.826	12.123	13.119	14.2	15.92
884	10.831	12.128	13.125	14.207	15.928
885	10.835	12.134	13.131	14.214	15.936
886	10.84	12.139	13.137	14.22	15.944
887	10.845	12.145	13.143	14.227	15.952
888	10.849	12.15	13.149	14.234	15.96
889	10.854	12.156	13.155	14.241	15.968
890	10.859	12.161	13.161	14.247	15.976
891	10.863	12.166	13.167	14.254	15.984
892	10.868	12.172	13.173	14.261	15.991
893	10.873	12.177	13.179	14.267	15.999
894	10.877	12.183	13.185	14.274	16.007
895	10.882	12.188	13.191	14.281	16.015
896	10.887	12.194	13.197	14.288	16.023
897	10.891	12.199	13.203	14.294	16.031
898	10.896	12.204	13.21	14.301	16.039
899	10.901	12.21	13.216	14.308	16.047
900	10.905	12.215	13.222	14.314	16.054
901	10.91	12.221	13.228	14.321	16.062
902	10.914	12.226	13.234	14.328	16.07
903	10.919	12.231	13.24	14.335	16.078
904	10.924	12.237	13.246	14.341	16.086
905	10.929	12.242	13.252	14.348	16.094
906	10.933	12.248	13.258	14.354	16.101
907	10.938	12.253	13.263	14.361	16.109
908	10.942	12.258	13.269	14.368	16.117
909	10.947	12.264	13.275	14.374	16.125
910	10.952	12.269	13.281	14.381	16.133
911	10.956	12.274	13.287	14.388	16.14
912	10.961	12.28	13.293	14.394	16.148
913	10.965	12.285	13.299	14.401	16.156
914	10.97	12.29	13.305	14.408	16.164
915	10.974	12.296	13.311	14.414	16.172
916	10.979	12.301	13.317	14.421	16.179
917	10.984	12.307	13.323	14.428	16.187
918	10.988	12.312	13.329	14.434	16.195
919	10.993	12.317	13.335	14.441	16.203
920	10.997	12.322	13.341	14.448	16.211
921	11.002	12.328	13.347	14.454	16.218
922	11.007	12.333	13.353	14.461	16.226
923	11.011	12.338	13.359	14.467	16.234
924	11.016	12.344	13.365	14.474	16.242
925	11.02	12.349	13.371	14.481	16.249
926	11.025	12.354	13.377	14.487	16.257
927	11.03	12.36	13.382	14.494	16.265
928	11.034	12.365	13.388	14.5	16.273
929	11.039	12.37	13.394	14.507	16.28
930	11.043	12.376	13.4	14.514	16.288
931	11.048	12.381	13.406	14.52	16.296
932	11.052	12.386	13.412	14.527	16.304
933	11.057	12.391	13.418	14.533	16.311
934	11.061	12.397	13.424	14.54	16.319
935	11.066	12.402	13.43	14.547	16.327
936	11.07	12.407	13.435	14.553	16.335
937	11.075	12.413	13.441	14.56	16.342
938	11.08	12.418	13.447	14.566	16.35
939	11.084	12.423	13.453	14.573	16.358
940	11.088	12.428	13.459	14.579	16.365
941	11.093	12.434	13.465	14.586	16.373
942	11.098	12.439	13.471	14.592	16.381
943	11.102	12.444	13.477	14.599	16.388
944	11.107	12.449	13.482	14.605	16.396
945	11.111	12.455	13.488	14.612	16.404
946	11.116	12.46	13.494	14.618	16.411
947	11.12	12.465	13.5	14.625	16.419
948	11.125	12.471	13.506	14.632	16.427
949	11.129	12.476	13.512	14.638	16.434
950	11.134	12.481	13.518	14.645	16.442
951	11.138	12.486	13.523	14.651	16.45
952	11.143	12.491	13.529	14.658	16.457
953	11.147	12.497	13.535	14.664	16.465
954	11.151	12.502	13.541	14.671	16.473
955	11.156	12.507	13.547	14.677	16.48
956	11.161	12.512	13.552	14.684	16.488
957	11.165	12.518	13.558	14.69	16.496
958	11.17	12.523	13.564	14.697	16.503
959	11.174	12.528	13.57	14.703	16.511
960	11.178	12.533	13.576	14.71	16.519
961	11.183	12.538	13.582	14.716	16.526
962	11.187	12.544	13.587	14.723	16.534
963	11.192	12.549	13.593	14.729	16.542
964	11.196	12.554	13.599	14.736	16.549
965	11.201	12.559	13.605	14.742	16.557
966	11.205	12.564	13.611	14.749	16.564
967	11.21	12.57	13.616	14.755	16.572
968	11.214	12.575	13.622	14.761	16.579
969	11.218	12.58	13.628	14.768	16.587
970	11.223	12.585	13.634	14.774	16.595
971	11.227	12.59	13.639	14.781	16.602
972	11.232	12.596	13.645	14.787	16.61
973	11.236	12.601	13.651	14.794	16.617
974	11.241	12.606	13.657	14.8	16.625
975	11.245	12.611	13.663	14.807	16.633
976	11.25	12.616	13.668	14.813	16.64
977	11.254	12.621	13.674	14.819	16.648
978	11.258	12.626	13.68	14.826	16.655
979	11.263	12.632	13.686	14.832	16.663
980	11.267	12.637	13.691	14.839	16.67
981	11.272	12.642	13.697	14.845	16.678
982	11.276	12.647	13.703	14.852	16.685
983	11.281	12.652	13.709	14.858	16.693
984	11.285	12.657	13.714	14.864	16.701
985	11.289	12.662	13.72	14.871	16.708
986	11.294	12.668	13.726	14.877	16.716
987	11.298	12.673	13.731	14.884	16.723
988	11.303	12.678	13.737	14.89	16.731
989	11.307	12.683	13.743	14.896	16.738
990	11.311	12.688	13.749	14.903	16.746
991	11.316	12.693	13.754	14.909	16.753
992	11.32	12.698	13.76	14.916	16.761
993	11.324	12.703	13.766	14.922	16.769
994	11.329	12.709	13.772	14.928	16.776
995	11.333	12.714	13.777	14.935	16.783
996	11.338	12.719	13.783	14.941	16.791
997	11.342	12.724	13.789	14.948	16.799
998	11.346	12.729	13.794	14.954	16.806
999	11.351	12.734	13.8	14.96	16.814
1000	11.355	12.739	13.806	14.967	16.821
1001	11.36	12.745	13.811	14.973	16.829
1002	11.364	12.75	13.817	14.979	16.836
1003	11.368	12.755	13.823	14.986	16.844
1004	11.373	12.76	13.829	14.992	16.851
1005	11.377	12.765	13.834	14.998	16.859
1006	11.381	12.77	13.84	15.005	16.866
1007	11.386	12.775	13.846	15.011	16.873
1008	11.39	12.78	13.851	15.018	16.881
1009	11.395	12.785	13.857	15.024	16.889
1010	11.399	12.79	13.863	15.03	16.896
1011	11.403	12.795	13.868	15.037	16.904
1012	11.408	12.8	13.874	15.043	16.911
1013	11.412	12.806	13.88	15.049	16.918
1014	11.416	12.811	13.885	15.056	16.926
1015	11.421	12.816	13.891	15.062	16.933
1016	11.425	12.821	13.897	15.068	16.941
1017	11.429	12.826	13.902	15.075	16.948
1018	11.434	12.831	13.908	15.081	16.956
1019	11.438	12.836	13.914	15.087	16.963
1020	11.442	12.841	13.919	15.094	16.971
1021	11.447	12.846	13.925	15.1	16.978
1022	11.451	12.851	13.931	15.106	16.986
1023	11.455	12.856	13.936	15.113	16.993
1024	11.46	12.861	13.942	15.119	17
1025	11.464	12.866	13.947	15.125	17.008
1026	11.468	12.871	13.953	15.132	17.015
1027	11.473	12.876	13.959	15.138	17.023
1028	11.477	12.882	13.964	15.144	17.03
1029	11.481	12.887	13.97	15.151	17.038
1030	11.486	12.892	13.976	15.157	17.045
1031	11.49	12.897	13.981	15.163	17.053
1032	11.494	12.902	13.987	15.169	17.06
1033	11.499	12.907	13.993	15.176	17.067
1034	11.503	12.912	13.998	15.182	17.075
1035	11.507	12.917	14.004	15.188	17.082
1036	11.512	12.922	14.009	15.195	17.09
1037	11.516	12.927	14.015	15.201	17.097
1038	11.52	12.932	14.021	15.207	17.105
1039	11.524	12.937	14.026	15.213	17.112
1040	11.529	12.942	14.032	15.22	17.119
1041	11.533	12.947	14.038	15.226	17.127
1042	11.537	12.952	14.043	15.232	17.134
1043	11.542	12.957	14.049	15.239	17.142
1044	11.546	12.962	14.054	15.245	17.149
1045	11.55	12.967	14.06	15.251	17.156
1046	11.555	12.972	14.066	15.257	17.164
1047	11.559	12.977	14.071	15.264	17.171
1048	11.563	12.982	14.077	15.27	17.179
1049	11.568	12.987	14.082	15.276	17.186
1050	11.572	12.992	14.088	15.282	17.193
1051	11.576	12.997	14.094	15.289	17.201
1052	11.58	13.002	14.099	15.295	17.208
1053	11.585	13.007	14.105	15.301	17.216
1054	11.589	13.012	14.11	15.308	17.223
1055	11.593	13.017	14.116	15.314	17.23
1056	11.598	13.022	14.122	15.32	17.238
1057	11.602	13.027	14.127	15.326	17.245
1058	11.606	13.032	14.133	15.333	17.253
1059	11.611	13.037	14.138	15.339	17.26
1060	11.615	13.042	14.144	15.345	17.267
1061	11.619	13.047	14.15	15.351	17.275
1062	11.623	13.052	14.155	15.358	17.282
1063	11.628	13.057	14.161	15.364	17.289
1064	11.632	13.062	14.166	15.37	17.297
1065	11.636	13.067	14.172	15.376	17.304
1066	11.64	13.072	14.178	15.383	17.312
1067	11.645	13.077	14.183	15.389	17.319
1068	11.649	13.082	14.189	15.395	17.326
1069	11.653	13.087	14.194	15.401	17.334
1070	11.658	13.092	14.2	15.408	17.341
1071	11.662	13.097	14.205	15.414	17.348
1072	11.666	13.102	14.211	15.42	17.356
1073	11.67	13.107	14.217	15.426	17.363
1074	11.675	13.112	14.222	15.433	17.371
1075	11.679	13.117	14.228	15.439	17.378
1076	11.683	13.122	14.233	15.445	17.385
1077	11.688	13.127	14.239	15.451	17.393
1078	11.692	13.132	14.244	15.457	17.4
1079	11.696	13.137	14.25	15.464	17.407
1080	11.7	13.142	14.255	15.47	17.414
1081	11.705	13.147	14.261	15.476	17.422
1082	11.709	13.152	14.267	15.482	17.429
1083	11.713	13.157	14.272	15.489	17.437
1084	11.717	13.162	14.278	15.495	17.444
1085	11.722	13.167	14.283	15.501	17.451
1086	11.726	13.172	14.289	15.507	17.459
1087	11.73	13.177	14.294	15.514	17.466
1088	11.734	13.182	14.3	15.52	17.473
1089	11.739	13.187	14.306	15.526	17.481
1090	11.743	13.192	14.311	15.532	17.488
1091	11.747	13.197	14.317	15.538	17.496
1092	11.751	13.202	14.322	15.544	17.503
1093	11.756	13.207	14.328	15.551	17.51
1094	11.76	13.212	14.333	15.557	17.517
1095	11.764	13.217	14.339	15.563	17.525
1096	11.768	13.222	14.344	15.569	17.532
1097	11.773	13.227	14.35	15.576	17.539
1098	11.777	13.232	14.355	15.582	17.547
1099	11.781	13.237	14.361	15.588	17.554
1100	11.785	13.242	14.367	15.594	17.561
1101	11.79	13.246	14.372	15.6	17.569
1102	11.794	13.251	14.378	15.607	17.576
1103	11.798	13.256	14.383	15.613	17.583
1104	11.802	13.261	14.389	15.619	17.591
1105	11.807	13.266	14.394	15.625	17.598
1106	11.811	13.271	14.4	15.631	17.605
1107	11.815	13.276	14.405	15.638	17.612
1108	11.819	13.281	14.411	15.644	17.62
1109	11.823	13.286	14.416	15.65	17.627
1110	11.828	13.291	14.422	15.656	17.635
1111	11.832	13.296	14.427	15.662	17.642
1112	11.836	13.301	14.433	15.669	17.649
1113	11.84	13.306	14.438	15.675	17.657
1114	11.845	13.311	14.444	15.681	17.664
1115	11.849	13.316	14.45	15.687	17.671
1116	11.853	13.321	14.455	15.693	17.679
1117	11.857	13.326	14.461	15.7	17.686
1118	11.862	13.331	14.466	15.706	17.693
1119	11.866	13.336	14.472	15.712	17.7
1120	11.87	13.341	14.477	15.718	17.708
1121	11.874	13.345	14.483	15.724	17.715
1122	11.879	13.35	14.488	15.73	17.722
1123	11.883	13.355	14.494	15.737	17.73
1124	11.887	13.36	14.499	15.743	17.737
1125	11.891	13.365	14.505	15.749	17.744
1126	11.895	13.37	14.51	15.755	17.752
1127	11.9	13.375	14.516	15.761	17.759
1128	11.904	13.38	14.521	15.768	17.766
1129	11.908	13.385	14.527	15.774	17.773
1130	11.912	13.39	14.532	15.78	17.781
1131	11.916	13.395	14.538	15.786	17.788
1132	11.921	13.4	14.543	15.792	17.795
1133	11.925	13.405	14.549	15.799	17.803
1134	11.929	13.41	14.554	15.805	17.81
1135	11.934	13.415	14.56	15.811	17.817
1136	11.938	13.42	14.565	15.817	17.825
1137	11.942	13.424	14.571	15.823	17.832
1138	11.946	13.429	14.576	15.829	17.839
1139	11.95	13.434	14.582	15.836	17.846
1140	11.955	13.439	14.588	15.842	17.854
1141	11.959	13.444	14.593	15.848	17.861
1142	11.963	13.449	14.599	15.854	17.868
1143	11.967	13.454	14.604	15.86	17.876
1144	11.971	13.459	14.61	15.866	17.883
1145	11.976	13.464	14.615	15.873	17.89
1146	11.98	13.469	14.621	15.879	17.898
1147	11.984	13.474	14.626	15.885	17.905
1148	11.988	13.479	14.632	15.891	17.912
1149	11.993	13.484	14.637	15.897	17.92
1150	11.997	13.489	14.643	15.904	17.927
1151	12.001	13.493	14.648	15.91	17.934
1152	12.005	13.498	14.654	15.916	17.941
1153	12.009	13.503	14.659	15.922	17.949
1154	12.013	13.508	14.665	15.928	17.956
1155	12.018	13.513	14.67	15.934	17.963
1156	12.022	13.518	14.676	15.941	17.971
1157	12.026	13.523	14.681	15.947	17.978
1158	12.03	13.528	14.687	15.953	17.985
1159	12.035	13.533	14.692	15.959	17.992
1160	12.039	13.538	14.698	15.965	18
1161	12.043	13.543	14.703	15.972	18.007
1162	12.047	13.548	14.709	15.978	18.014
1163	12.051	13.553	14.714	15.984	18.022
1164	12.056	13.558	14.72	15.99	18.029
1165	12.06	13.562	14.725	15.996	18.036
1166	12.064	13.567	14.731	16.002	18.044
1167	12.068	13.572	14.736	16.008	18.051
1168	12.073	13.577	14.742	16.015	18.058
1169	12.077	13.582	14.747	16.021	18.066
1170	12.081	13.587	14.753	16.027	18.073
1171	12.085	13.592	14.758	16.033	18.08
1172	12.089	13.597	14.764	16.039	18.087
1173	12.094	13.602	14.769	16.045	18.095
1174	12.098	13.607	14.775	16.052	18.102
1175	12.102	13.612	14.78	16.058	18.109
1176	12.106	13.617	14.786	16.064	18.117
1177	12.11	13.622	14.791	16.07	18.124
1178	12.115	13.626	14.797	16.076	18.131
1179	12.119	13.631	14.802	16.082	18.139
1180	12.123	13.636	14.808	16.089	18.146
1181	12.127	13.641	14.813	16.095	18.153
1182	12.131	13.646	14.819	16.101	18.16
1183	12.135	13.651	14.824	16.107	18.168
1184	12.14	13.656	14.83	16.113	18.175
1185	12.144	13.661	14.835	16.119	18.182
1186	12.148	13.666	14.841	16.126	18.19
1187	12.152	13.671	14.846	16.132	18.197
1188	12.157	13.676	14.852	16.138	18.204
1189	12.161	13.68	14.857	16.144	18.212
1190	12.165	13.685	14.863	16.15	18.219
1191	12.169	13.69	14.868	16.156	18.226
1192	12.173	13.695	14.874	16.163	18.234
1193	12.178	13.7	14.879	16.169	18.241
1194	12.182	13.705	14.885	16.175	18.248
1195	12.186	13.71	14.89	16.181	18.255
1196	12.19	13.715	14.896	16.187	18.263
1197	12.194	13.72	14.901	16.193	18.27
1198	12.199	13.725	14.907	16.2	18.277
1199	12.203	13.73	14.912	16.206	18.284
1200	12.207	13.735	14.918	16.212	18.292
1201	12.211	13.739	14.923	16.218	18.299
1202	12.215	13.744	14.929	16.224	18.306
1203	12.22	13.749	14.934	16.23	18.314
1204	12.224	13.754	14.94	16.237	18.321
1205	12.228	13.759	14.945	16.243	18.328
1206	12.232	13.764	14.951	16.249	18.336
1207	12.236	13.769	14.956	16.255	18.343
1208	12.241	13.774	14.962	16.261	18.35
1209	12.245	13.779	14.967	16.267	18.358
1210	12.249	13.784	14.973	16.274	18.365
1211	12.253	13.789	14.978	16.28	18.372
1212	12.257	13.794	14.984	16.286	18.379
1213	12.262	13.798	14.989	16.292	18.387
1214	12.266	13.803	14.995	16.298	18.394
1215	12.27	13.808	15	16.304	18.401
1216	12.274	13.813	15.006	16.311	18.409
1217	12.279	13.818	15.011	16.317	18.416
1218	12.283	13.823	15.017	16.323	18.423
1219	12.287	13.828	15.022	16.329	18.431
1220	12.291	13.833	15.028	16.335	18.438
1221	12.295	13.838	15.033	16.341	18.445
1222	12.299	13.843	15.039	16.348	18.453
1223	12.304	13.848	15.044	16.354	18.46
1224	12.308	13.853	15.05	16.36	18.467
1225	12.312	13.857	15.055	16.366	18.475
1226	12.316	13.862	15.061	16.372	18.482
1227	12.32	13.867	15.066	16.379	18.489
1228	12.325	13.872	15.072	16.385	18.497
1229	12.329	13.877	15.077	16.391	18.504
1230	12.333	13.882	15.083	16.397	18.511
1231	12.337	13.887	15.088	16.403	18.519
1232	12.341	13.892	15.094	16.409	18.526
1233	12.346	13.897	15.099	16.416	18.533
1234	12.35	13.902	15.105	16.422	18.54
1235	12.354	13.907	15.11	16.428	18.548
1236	12.358	13.911	15.116	16.434	18.555
1237	12.362	13.916	15.121	16.44	18.562
1238	12.366	13.921	15.127	16.446	18.57
1239	12.371	13.926	15.132	16.453	18.577
1240	12.375	13.931	15.138	16.459	18.584
1241	12.379	13.936	15.143	16.465	18.592
1242	12.383	13.941	15.149	16.471	18.599
1243	12.387	13.946	15.154	16.477	18.606
1244	12.392	13.951	15.16	16.483	18.614
1245	12.396	13.956	15.165	16.49	18.621
1246	12.4	13.96	15.171	16.496	18.628
1247	12.404	13.965	15.176	16.502	18.636
1248	12.408	13.97	15.182	16.508	18.643
1249	12.413	13.975	15.187	16.514	18.65
1250	12.417	13.98	15.193	16.52	18.658
1251	12.421	13.985	15.198	16.527	18.665
1252	12.425	13.99	15.204	16.533	18.672
1253	12.429	13.995	15.209	16.539	18.68
1254	12.433	14	15.215	16.545	18.687
1255	12.438	14.005	15.22	16.551	18.694
1256	12.442	14.01	15.226	16.558	18.701
1257	12.446	14.014	15.231	16.564	18.709
1258	12.45	14.019	15.237	16.57	18.716
1259	12.454	14.024	15.242	16.576	18.723
1260	12.458	14.029	15.248	16.582	18.731
1261	12.463	14.034	15.253	16.588	18.738
1262	12.467	14.039	15.259	16.595	18.745
1263	12.471	14.044	15.264	16.601	18.753
1264	12.475	14.049	15.27	16.607	18.76
1265	12.48	14.054	15.275	16.613	18.767
1266	12.484	14.059	15.281	16.619	18.775
1267	12.488	14.063	15.286	16.626	18.782
1268	12.492	14.068	15.292	16.632	18.789
1269	12.496	14.073	15.297	16.638	18.797
1270	12.5	14.078	15.303	16.644	18.804
1271	12.505	14.083	15.308	16.65	18.811
1272	12.509	14.088	15.314	16.656	18.819
1273	12.513	14.093	15.319	16.662	18.826
1274	12.517	14.098	15.325	16.669	18.834
1275	12.521	14.103	15.33	16.675	18.841
1276	12.525	14.108	15.336	16.681	18.848
1277	12.529	14.112	15.341	16.687	18.856
1278	12.534	14.117	15.347	16.693	18.863
1279	12.538	14.122	15.352	16.7	18.87
1280	12.542	14.127	15.358	16.706	18.878
1281	12.546	14.132	15.363	16.712	18.885
1282	12.55	14.137	15.369	16.718	18.892
1283	12.555	14.142	15.374	16.724	18.9
1284	12.559	14.147	15.38	16.731	18.907
1285	12.563	14.152	15.385	16.737	18.914
1286	12.567	14.157	15.391	16.743	18.922
1287	12.571	14.162	15.396	16.749	18.929
1288	12.575	14.166	15.402	16.755	18.937
1289	12.58	14.171	15.407	16.761	18.944
1290	12.584	14.176	15.413	16.768	18.951
1291	12.588	14.181	15.418	16.774	18.958
1292	12.592	14.186	15.423	16.78	18.966
1293	12.596	14.191	15.429	16.786	18.973
1294	12.6	14.196	15.434	16.792	18.98
1295	12.604	14.201	15.44	16.798	18.988
1296	12.609	14.206	15.445	16.805	18.995
1297	12.613	14.21	15.451	16.811	19.003
1298	12.617	14.215	15.456	16.817	19.01
1299	12.621	14.22	15.462	16.823	19.017
1300	12.625	14.225	15.467	16.829	19.025
1301	12.63	14.23	15.473	16.836	19.032
1302	12.634	14.235	15.478	16.842	19.039
1303	12.638	14.24	15.484	16.848	19.047
1304	12.642	14.245	15.489	16.854	19.054
1305	12.646	14.25	15.495	16.86	19.061
1306	12.65	14.254	15.5	16.866	19.069
1307	12.655	14.259	15.506	16.873	19.076
1308	12.659	14.264	15.511	16.879	19.083
1309	12.663	14.269	15.517	16.885	19.091
1310	12.667	14.274	15.522	16.891	19.098
1311	12.671	14.279	15.528	16.897	19.105
1312	12.675	14.284	15.533	16.904	19.113
1313	12.679	14.289	15.539	16.91	19.12
1314	12.684	14.294	15.544	16.916	19.128
1315	12.688	14.299	15.55	16.922	19.135
1316	12.692	14.303	15.555	16.928	19.142
1317	12.696	14.308	15.561	16.934	19.15
1318	12.7	14.313	15.566	16.941	19.157
1319	12.704	14.318	15.572	16.947	19.164
1320	12.709	14.323	15.577	16.953	19.172
1321	12.713	14.328	15.583	16.959	19.179
1322	12.717	14.333	15.588	16.965	19.187
1323	12.721	14.338	15.594	16.972	19.194
1324	12.725	14.342	15.599	16.978	19.201
1325	12.729	14.347	15.605	16.984	19.209
1326	12.733	14.352	15.61	16.99	19.216
1327	12.737	14.357	15.616	16.996	19.224
1328	12.742	14.362	15.621	17.002	19.231
1329	12.746	14.367	15.627	17.009	19.238
1330	12.75	14.372	15.632	17.015	19.246
1331	12.754	14.377	15.638	17.021	19.253
1332	12.758	14.382	15.643	17.027	19.26
1333	12.762	14.386	15.649	17.033	19.268
1334	12.766	14.391	15.654	17.04	19.275
1335	12.771	14.396	15.66	17.046	19.283
1336	12.775	14.401	15.665	17.052	19.29
1337	12.779	14.406	15.671	17.058	19.297
1338	12.783	14.411	15.676	17.064	19.305
1339	12.787	14.416	15.682	17.071	19.312
1340	12.791	14.421	15.687	17.077	19.32
1341	12.796	14.425	15.692	17.083	19.327
1342	12.8	14.43	15.698	17.089	19.334
1343	12.804	14.435	15.703	17.095	19.342
1344	12.808	14.44	15.709	17.102	19.349
1345	12.812	14.445	15.714	17.108	19.357
1346	12.816	14.45	15.72	17.114	19.364
1347	12.82	14.455	15.725	17.12	19.371
1348	12.824	14.459	15.731	17.126	19.379
1349	12.828	14.464	15.736	17.132	19.386
1350	12.833	14.469	15.742	17.139	19.393
1351	12.837	14.474	15.747	17.145	19.401
1352	12.841	14.479	15.753	17.151	19.408
1353	12.845	14.484	15.758	17.157	19.415
1354	12.849	14.489	15.764	17.163	19.423
1355	12.853	14.494	15.769	17.17	19.43
1356	12.858	14.499	15.775	17.176	19.438
1357	12.862	14.503	15.78	17.182	19.445
1358	12.866	14.508	15.786	17.188	19.452
1359	12.87	14.513	15.791	17.194	19.46
1360	12.874	14.518	15.797	17.201	19.467
1361	12.878	14.523	15.802	17.207	19.475
1362	12.882	14.528	15.808	17.213	19.482
1363	12.886	14.532	15.813	17.219	19.489
1364	12.89	14.537	15.819	17.225	19.497
1365	12.894	14.542	15.824	17.231	19.504
1366	12.899	14.547	15.83	17.238	19.512
1367	12.903	14.552	15.835	17.244	19.519
1368	12.907	14.557	15.84	17.25	19.526
1369	12.911	14.562	15.846	17.256	19.534
1370	12.915	14.567	15.851	17.262	19.541
1371	12.919	14.571	15.857	17.269	19.549
1372	12.923	14.576	15.862	17.275	19.556
1373	12.927	14.581	15.868	17.281	19.563
1374	12.932	14.586	15.873	17.287	19.571
1375	12.936	14.591	15.879	17.293	19.578
1376	12.94	14.596	15.884	17.299	19.586
1377	12.944	14.601	15.89	17.306	19.593
1378	12.948	14.605	15.895	17.312	19.601
1379	12.952	14.61	15.901	17.318	19.608
1380	12.956	14.615	15.906	17.324	19.615
1381	12.96	14.62	15.912	17.33	19.623
1382	12.964	14.625	15.917	17.337	19.63
1383	12.968	14.63	15.923	17.343	19.638
1384	12.972	14.634	15.928	17.349	19.645
1385	12.977	14.639	15.934	17.355	19.653
1386	12.981	14.644	15.939	17.361	19.66
1387	12.985	14.649	15.945	17.368	19.667
1388	12.989	14.654	15.95	17.374	19.675
1389	12.993	14.659	15.955	17.38	19.682
1390	12.997	14.664	15.961	17.386	19.69
1391	13.001	14.669	15.966	17.392	19.697
1392	13.005	14.673	15.972	17.398	19.704
1393	13.01	14.678	15.977	17.405	19.712
1394	13.014	14.683	15.983	17.411	19.719
1395	13.018	14.688	15.988	17.417	19.726
1396	13.022	14.693	15.994	17.423	19.734
1397	13.026	14.698	15.999	17.429	19.741
1398	13.03	14.702	16.005	17.436	19.749
1399	13.034	14.707	16.01	17.442	19.756
1400	13.038	14.712	16.016	17.448	19.764
1401	13.042	14.717	16.021	17.454	19.771
1402	13.046	14.722	16.026	17.46	19.778
1403	13.05	14.727	16.032	17.467	19.786
1404	13.054	14.732	16.038	17.473	19.793
1405	13.059	14.736	16.043	17.479	19.801
1406	13.063	14.741	16.048	17.485	19.808
1407	13.067	14.746	16.054	17.491	19.816
1408	13.071	14.751	16.059	17.497	19.823
1409	13.075	14.756	16.065	17.504	19.83
1410	13.079	14.761	16.07	17.51	19.838
1411	13.083	14.766	16.076	17.516	19.845
1412	13.087	14.77	16.081	17.522	19.853
1413	13.091	14.775	16.087	17.528	19.86
1414	13.095	14.78	16.092	17.535	19.868
1415	13.099	14.785	16.098	17.541	19.875
1416	13.103	14.79	16.103	17.547	19.883
1417	13.108	14.795	16.109	17.553	19.89
1418	13.112	14.799	16.114	17.559	19.897
1419	13.116	14.804	16.119	17.566	19.905
1420	13.12	14.809	16.125	17.572	19.912
1421	13.124	14.814	16.13	17.578	19.92
1422	13.128	14.819	16.136	17.584	19.927
1423	13.132	14.824	16.141	17.59	19.935
1424	13.136	14.828	16.147	17.597	19.942
1425	13.14	14.833	16.152	17.603	19.95
1426	13.144	14.838	16.158	17.609	19.957
1427	13.148	14.843	16.163	17.615	19.964
1428	13.153	14.848	16.169	17.621	19.972
1429	13.157	14.853	16.174	17.628	19.979
1430	13.161	14.857	16.18	17.634	19.987
1431	13.165	14.862	16.185	17.64	19.994
1432	13.169	14.867	16.191	17.646	20.002
1433	13.173	14.872	16.196	17.652	20.009
1434	13.177	14.877	16.202	17.659	20.017
1435	13.181	14.881	16.207	17.665	20.024
1436	13.185	14.886	16.212	17.671	20.031
1437	13.189	14.891	16.218	17.677	20.039
1438	13.193	14.896	16.223	17.683	20.046
1439	13.197	14.901	16.229	17.69	20.054
1440	13.201	14.906	16.234	17.696	20.061
1441	13.205	14.911	16.24	17.702	20.068
1442	13.209	14.915	16.245	17.708	20.076
1443	13.213	14.92	16.251	17.714	20.083
1444	13.218	14.925	16.256	17.72	20.091
1445	13.222	14.93	16.262	17.727	20.098
1446	13.226	14.935	16.267	17.733	20.106
1447	13.23	14.94	16.273	17.739	20.113
1448	13.234	14.944	16.278	17.745	20.121
1449	13.238	14.949	16.283	17.751	20.128
1450	13.242	14.954	16.289	17.758	20.136
1451	13.246	14.959	16.294	17.764	20.143
1452	13.25	14.964	16.3	17.77	20.151
1453	13.254	14.968	16.305	17.776	20.158
1454	13.258	14.973	16.311	17.782	20.166
1455	13.262	14.978	16.316	17.789	20.173
1456	13.266	14.983	16.322	17.795	20.18
1457	13.27	14.988	16.327	17.801	20.188
1458	13.274	14.993	16.333	17.807	20.195
1459	13.278	14.997	16.338	17.813	20.203
1460	13.282	15.002	16.343	17.82	20.21
1461	13.286	15.007	16.349	17.826	20.218
1462	13.291	15.012	16.354	17.832	20.225
1463	13.295	15.017	16.36	17.838	20.233
1464	13.299	15.021	16.365	17.844	20.24
1465	13.303	15.026	16.371	17.851	20.248
1466	13.307	15.031	16.376	17.857	20.255
1467	13.311	15.036	16.382	17.863	20.263
1468	13.315	15.041	16.387	17.869	20.27
1469	13.319	15.046	16.393	17.875	20.278
1470	13.323	15.05	16.398	17.882	20.285
1471	13.327	15.055	16.404	17.888	20.293
1472	13.331	15.06	16.409	17.894	20.3
1473	13.335	15.065	16.414	17.9	20.308
1474	13.339	15.07	16.42	17.906	20.315
1475	13.343	15.074	16.425	17.913	20.323
1476	13.347	15.079	16.431	17.919	20.33
1477	13.351	15.084	16.436	17.925	20.338
1478	13.355	15.089	16.442	17.931	20.345
1479	13.359	15.094	16.447	17.937	20.353
1480	13.363	15.098	16.453	17.944	20.36
1481	13.367	15.103	16.458	17.95	20.367
1482	13.371	15.108	16.464	17.956	20.375
1483	13.375	15.113	16.469	17.962	20.382
1484	13.38	15.118	16.475	17.968	20.39
1485	13.384	15.123	16.48	17.974	20.397
1486	13.388	15.128	16.485	17.981	20.405
1487	13.392	15.132	16.491	17.987	20.412
1488	13.396	15.137	16.496	17.993	20.42
1489	13.4	15.142	16.502	17.999	20.427
1490	13.404	15.147	16.507	18.005	20.435
1491	13.408	15.152	16.513	18.012	20.442
1492	13.412	15.156	16.518	18.018	20.45
1493	13.416	15.161	16.524	18.024	20.457
1494	13.42	15.166	16.529	18.03	20.465
1495	13.424	15.171	16.535	18.037	20.472
1496	13.428	15.176	16.54	18.043	20.48
1497	13.432	15.18	16.545	18.049	20.487
1498	13.436	15.185	16.551	18.055	20.494
1499	13.44	15.19	16.556	18.061	20.502
1500	13.444	15.195	16.562	18.068	20.51
1501	13.448	15.2	16.567	18.074	20.517
1502	13.452	15.204	16.573	18.08	20.525
1503	13.456	15.209	16.578	18.086	20.532
1504	13.46	15.214	16.584	18.092	20.54
1505	13.464	15.219	16.589	18.099	20.547
1506	13.468	15.224	16.595	18.105	20.555
1507	13.472	15.228	16.6	18.111	20.562
1508	13.476	15.233	16.605	18.117	20.57
1509	13.48	15.238	16.611	18.123	20.577
1510	13.484	15.243	16.616	18.13	20.585
1511	13.488	15.248	16.622	18.136	20.592
1512	13.492	15.253	16.627	18.142	20.6
1513	13.496	15.257	16.633	18.148	20.607
1514	13.5	15.262	16.638	18.155	20.615
1515	13.504	15.267	16.644	18.161	20.622
1516	13.508	15.272	16.649	18.167	20.63
1517	13.512	15.276	16.655	18.173	20.637
1518	13.516	15.281	16.66	18.179	20.645
1519	13.52	15.286	16.665	18.186	20.652
1520	13.524	15.291	16.671	18.192	20.66
1521	13.528	15.296	16.676	18.198	20.667
1522	13.532	15.301	16.682	18.204	20.675
1523	13.536	15.305	16.687	18.21	20.682
1524	13.54	15.31	16.693	18.217	20.69
1525	13.544	15.315	16.698	18.223	20.697
1526	13.548	15.32	16.704	18.229	20.705
1527	13.552	15.324	16.709	18.235	20.712
1528	13.557	15.329	16.715	18.241	20.72
1529	13.561	15.334	16.72	18.248	20.728
1530	13.565	15.339	16.725	18.254	20.735
1531	13.569	15.344	16.731	18.26	20.743
1532	13.573	15.349	16.736	18.266	20.75
1533	13.577	15.353	16.742	18.273	20.758
1534	13.581	15.358	16.747	18.279	20.765
1535	13.585	15.363	16.753	18.285	20.773
1536	13.589	15.368	16.758	18.291	20.78
1537	13.593	15.373	16.764	18.297	20.788
1538	13.597	15.377	16.769	18.304	20.795
1539	13.601	15.382	16.775	18.31	20.803
1540	13.605	15.387	16.78	18.316	20.81
1541	13.609	15.392	16.785	18.322	20.818
1542	13.613	15.397	16.791	18.328	20.825
1543	13.617	15.401	16.796	18.335	20.833
1544	13.621	15.406	16.802	18.341	20.84
1545	13.625	15.411	16.807	18.347	20.848
1546	13.629	15.416	16.813	18.353	20.856
1547	13.633	15.42	16.818	18.36	20.863
1548	13.637	15.425	16.824	18.366	20.871
1549	13.641	15.43	16.829	18.372	20.878
1550	13.645	15.435	16.835	18.378	20.886
1551	13.649	15.44	16.84	18.384	20.893
1552	13.653	15.444	16.845	18.391	20.901
1553	13.657	15.449	16.851	18.397	20.908
1554	13.661	15.454	16.856	18.403	20.916
1555	13.665	15.459	16.862	18.409	20.923
1556	13.669	15.464	16.867	18.415	20.931
1557	13.673	15.468	16.873	18.422	20.939
1558	13.677	15.473	16.878	18.428	20.946
1559	13.681	15.478	16.884	18.434	20.954
1560	13.685	15.483	16.889	18.44	20.961
1561	13.689	15.488	16.895	18.447	20.969
1562	13.693	15.493	16.9	18.453	20.976
1563	13.697	15.497	16.905	18.459	20.984
1564	13.701	15.502	16.911	18.465	20.992
1565	13.705	15.507	16.916	18.472	20.999
1566	13.709	15.512	16.922	18.478	21.007
1567	13.713	15.516	16.927	18.484	21.014
1568	13.717	15.521	16.933	18.49	21.022
1569	13.721	15.526	16.938	18.497	21.029
1570	13.725	15.531	16.944	18.503	21.037
1571	13.729	15.536	16.949	18.509	21.044
1572	13.733	15.54	16.955	18.515	21.052
1573	13.737	15.545	16.96	18.521	21.059
1574	13.741	15.55	16.965	18.528	21.067
1575	13.745	15.555	16.971	18.534	21.075
1576	13.749	15.56	16.976	18.54	21.082
1577	13.753	15.564	16.982	18.546	21.09
1578	13.757	15.569	16.987	18.553	21.098
1579	13.761	15.574	16.993	18.559	21.105
1580	13.765	15.579	16.998	18.565	21.113
1581	13.769	15.583	17.004	18.571	21.12
1582	13.773	15.588	17.009	18.577	21.128
1583	13.777	15.593	17.015	18.584	21.135
1584	13.781	15.598	17.02	18.59	21.143
1585	13.785	15.603	17.026	18.596	21.15
1586	13.789	15.607	17.031	18.602	21.158
1587	13.793	15.612	17.036	18.609	21.165
1588	13.797	15.617	17.042	18.615	21.173
1589	13.801	15.622	17.047	18.621	21.181
1590	13.805	15.627	17.053	18.627	21.188
1591	13.809	15.631	17.058	18.634	21.196
1592	13.812	15.636	17.064	18.64	21.203
1593	13.817	15.641	17.069	18.646	21.211
1594	13.821	15.646	17.075	18.652	21.219
1595	13.825	15.651	17.08	18.658	21.226
1596	13.829	15.655	17.086	18.665	21.234
1597	13.833	15.66	17.091	18.671	21.241
1598	13.837	15.665	17.096	18.677	21.249
1599	13.841	15.67	17.102	18.683	21.256
1600	13.845	15.675	17.107	18.69	21.264
1601	13.849	15.679	17.113	18.696	21.271
1602	13.853	15.684	17.118	18.702	21.279
1603	13.857	15.689	17.124	18.708	21.287
1604	13.86	15.694	17.129	18.715	21.294
1605	13.864	15.698	17.135	18.721	21.302
1606	13.868	15.703	17.14	18.727	21.31
1607	13.872	15.708	17.146	18.733	21.317
1608	13.876	15.713	17.151	18.739	21.325
1609	13.88	15.718	17.156	18.746	21.332
1610	13.884	15.722	17.162	18.752	21.34
1611	13.888	15.727	17.167	18.758	21.347
1612	13.892	15.732	17.173	18.764	21.355
1613	13.896	15.737	17.178	18.771	21.362
1614	13.9	15.742	17.184	18.777	21.37
1615	13.904	15.746	17.189	18.783	21.378
1616	13.908	15.751	17.195	18.789	21.386
1617	13.912	15.756	17.2	18.796	21.393
1618	13.916	15.761	17.206	18.802	21.401
1619	13.92	15.765	17.211	18.808	21.408
1620	13.924	15.77	17.216	18.814	21.416
1621	13.928	15.775	17.222	18.82	21.423
1622	13.932	15.78	17.227	18.827	21.431
1623	13.936	15.785	17.233	18.833	21.439
1624	13.94	15.789	17.238	18.839	21.446
1625	13.944	15.794	17.244	18.845	21.454
1626	13.948	15.799	17.249	18.852	21.461
1627	13.952	15.804	17.255	18.858	21.469
1628	13.956	15.808	17.26	18.864	21.477
1629	13.96	15.813	17.266	18.87	21.484
1630	13.964	15.818	17.271	18.877	21.492
1631	13.968	15.823	17.276	18.883	21.499
1632	13.972	15.828	17.282	18.889	21.507
1633	13.976	15.832	17.287	18.895	21.515
1634	13.98	15.837	17.293	18.902	21.522
1635	13.984	15.842	17.298	18.908	21.53
1636	13.988	15.847	17.304	18.914	21.538
1637	13.992	15.851	17.309	18.92	21.545
1638	13.996	15.856	17.315	18.927	21.553
1639	14	15.861	17.32	18.933	21.56
1640	14.004	15.866	17.326	18.939	21.568
1641	14.008	15.871	17.331	18.945	21.575
1642	14.012	15.875	17.336	18.952	21.583
1643	14.016	15.88	17.342	18.958	21.591
1644	14.02	15.885	17.347	18.964	21.598
1645	14.024	15.89	17.353	18.97	21.606
1646	14.028	15.895	17.358	18.976	21.613
1647	14.031	15.899	17.364	18.983	21.621
1648	14.035	15.904	17.369	18.989	21.629
1649	14.039	15.909	17.375	18.995	21.636
1650	14.043	15.914	17.38	19.001	21.644
1651	14.047	15.918	17.385	19.008	21.651
1652	14.051	15.923	17.391	19.014	21.659
1653	14.055	15.928	17.396	19.02	21.667
1654	14.059	15.933	17.402	19.026	21.674
1655	14.063	15.937	17.407	19.033	21.682
1656	14.067	15.942	17.413	19.039	21.69
1657	14.071	15.947	17.418	19.045	21.697
1658	14.075	15.952	17.424	19.051	21.705
1659	14.079	15.956	17.429	19.058	21.712
1660	14.083	15.961	17.435	19.064	21.72
1661	14.087	15.966	17.44	19.07	21.728
1662	14.091	15.971	17.445	19.076	21.735
1663	14.095	15.976	17.451	19.082	21.743
1664	14.099	15.98	17.456	19.089	21.75
1665	14.103	15.985	17.462	19.095	21.758
1666	14.107	15.99	17.467	19.101	21.766
1667	14.111	15.995	17.473	19.108	21.773
1668	14.115	15.999	17.478	19.114	21.781
1669	14.118	16.004	17.484	19.12	21.789
1670	14.122	16.009	17.489	19.126	21.796
1671	14.126	16.014	17.494	19.132	21.804
1672	14.13	16.019	17.5	19.139	21.811
1673	14.134	16.023	17.505	19.145	21.819
1674	14.138	16.028	17.511	19.151	21.827
1675	14.142	16.033	17.516	19.157	21.835
1676	14.146	16.037	17.522	19.164	21.842
1677	14.15	16.042	17.527	19.17	21.85
1678	14.154	16.047	17.533	19.176	21.857
1679	14.158	16.052	17.538	19.182	21.865
1680	14.162	16.057	17.543	19.189	21.872
1681	14.166	16.061	17.549	19.195	21.88
1682	14.17	16.066	17.554	19.201	21.888
1683	14.174	16.071	17.56	19.207	21.895
1684	14.178	16.076	17.565	19.214	21.903
1685	14.182	16.08	17.571	19.22	21.911
1686	14.186	16.085	17.576	19.226	21.918
1687	14.19	16.09	17.582	19.232	21.926
1688	14.194	16.095	17.587	19.239	21.934
1689	14.198	16.099	17.592	19.245	21.941
1690	14.202	16.104	17.598	19.251	21.949
1691	14.206	16.109	17.603	19.257	21.956
1692	14.209	16.114	17.609	19.263	21.964
1693	14.213	16.118	17.614	19.27	21.972
1694	14.217	16.123	17.62	19.276	21.979
1695	14.221	16.128	17.625	19.282	21.987
1696	14.225	16.133	17.631	19.288	21.995
1697	14.229	16.138	17.636	19.295	22.002
1698	14.233	16.142	17.641	19.301	22.01
1699	14.237	16.147	17.647	19.307	22.017
1700	14.241	16.152	17.652	19.313	22.025
1701	14.245	16.157	17.658	19.32	22.033
1702	14.249	16.161	17.663	19.326	22.041
1703	14.253	16.166	17.669	19.332	22.048
1704	14.257	16.171	17.674	19.338	22.056
1705	14.261	16.176	17.68	19.345	22.063
1706	14.265	16.18	17.685	19.351	22.071
1707	14.269	16.185	17.69	19.357	22.079
1708	14.273	16.19	17.696	19.363	22.086
1709	14.276	16.195	17.701	19.369	22.094
1710	14.28	16.199	17.707	19.376	22.101
1711	14.284	16.204	17.712	19.382	22.109
1712	14.288	16.209	17.718	19.388	22.117
1713	14.292	16.214	17.723	19.395	22.124
1714	14.296	16.218	17.728	19.401	22.132
1715	14.3	16.223	17.734	19.407	22.14
1716	14.304	16.228	17.739	19.413	22.147
1717	14.308	16.233	17.745	19.419	22.155
1718	14.312	16.237	17.75	19.426	22.162
1719	14.316	16.242	17.756	19.432	22.17
1720	14.32	16.247	17.761	19.438	22.178
1721	14.324	16.252	17.767	19.444	22.186
1722	14.327	16.256	17.772	19.451	22.193
1723	14.331	16.261	17.777	19.457	22.201
1724	14.335	16.266	17.783	19.463	22.208
1725	14.339	16.271	17.788	19.469	22.216
1726	14.343	16.275	17.794	19.476	22.223
1727	14.347	16.28	17.799	19.482	22.231
1728	14.351	16.285	17.805	19.488	22.239
1729	14.355	16.29	17.81	19.494	22.247
1730	14.359	16.294	17.815	19.501	22.254
1731	14.363	16.299	17.821	19.507	22.262
1732	14.367	16.304	17.826	19.513	22.269
1733	14.371	16.309	17.832	19.519	22.277
1734	14.375	16.313	17.837	19.525	22.285
1735	14.379	16.318	17.843	19.532	22.292
1736	14.383	16.323	17.848	19.538	22.3
1737	14.387	16.328	17.853	19.544	22.307
1738	14.39	16.332	17.859	19.55	22.315
1739	14.394	16.337	17.864	19.557	22.323
1740	14.398	16.342	17.87	19.563	22.331
1741	14.402	16.347	17.875	19.569	22.338
1742	14.406	16.351	17.881	19.575	22.346
1743	14.41	16.356	17.886	19.582	22.353
1744	14.414	16.361	17.891	19.588	22.361
1745	14.418	16.366	17.897	19.594	22.369
1746	14.422	16.37	17.902	19.6	22.376
1747	14.426	16.375	17.908	19.607	22.384
1748	14.429	16.38	17.913	19.613	22.392
1749	14.433	16.384	17.919	19.619	22.399
1750	14.437	16.389	17.924	19.625	22.407
1751	14.441	16.394	17.929	19.631	22.415
1752	14.445	16.399	17.935	19.638	22.422
1753	14.449	16.403	17.94	19.644	22.43
1754	14.453	16.408	17.946	19.65	22.437
1755	14.457	16.413	17.951	19.656	22.445
1756	14.461	16.418	17.957	19.663	22.453
1757	14.465	16.422	17.962	19.669	22.461
1758	14.469	16.427	17.967	19.675	22.468
1759	14.473	16.432	17.973	19.681	22.476
1760	14.477	16.437	17.978	19.688	22.483
1761	14.48	16.441	17.984	19.694	22.491
1762	14.484	16.446	17.989	19.7	22.499
1763	14.488	16.451	17.995	19.706	22.506
1764	14.492	16.456	18	19.712	22.514
1765	14.496	16.46	18.005	19.719	22.522
1766	14.5	16.465	18.011	19.725	22.529
1767	14.504	16.47	18.016	19.731	22.537
1768	14.508	16.474	18.022	19.737	22.545
1769	14.512	16.479	18.027	19.744	22.552
1770	14.516	16.484	18.032	19.75	22.56
1771	14.52	16.489	18.038	19.756	22.567
1772	14.524	16.493	18.043	19.762	22.575
1773	14.528	16.498	18.049	19.768	22.583
1774	14.531	16.503	18.054	19.775	22.591
1775	14.535	16.507	18.06	19.781	22.598
1776	14.539	16.512	18.065	19.787	22.606
1777	14.543	16.517	18.07	19.793	22.613
1778	14.547	16.522	18.076	19.8	22.621
1779	14.551	16.526	18.081	19.806	22.629
1780	14.555	16.531	18.087	19.812	22.636
1781	14.559	16.536	18.092	19.818	22.644
1782	14.563	16.541	18.097	19.824	22.651
1783	14.566	16.545	18.103	19.831	22.659
1784	14.57	16.55	18.108	19.837	22.667
1785	14.574	16.555	18.114	19.843	22.675
1786	14.578	16.559	18.119	19.849	22.682
1787	14.582	16.564	18.125	19.856	22.69
1788	14.586	16.569	18.13	19.862	22.697
1789	14.59	16.574	18.135	19.868	22.705
1790	14.594	16.578	18.141	19.874	22.713
1791	14.598	16.583	18.146	19.88	22.72
1792	14.602	16.588	18.152	19.887	22.728
1793	14.605	16.593	18.157	19.893	22.736
1794	14.609	16.597	18.162	19.899	22.743
1795	14.613	16.602	18.168	19.906	22.751
1796	14.617	16.607	18.173	19.912	22.759
1797	14.621	16.611	18.179	19.918	22.766
1798	14.625	16.616	18.184	19.924	22.774
1799	14.629	16.621	18.189	19.93	22.781
1800	14.633	16.626	18.195	19.936	22.789
1801	14.637	16.63	18.2	19.943	22.797
1802	14.641	16.635	18.206	19.949	22.804
1803	14.644	16.64	18.211	19.955	22.812
1804	14.648	16.644	18.216	19.961	22.82
1805	14.652	16.649	18.222	19.968	22.827
1806	14.656	16.654	18.227	19.974	22.835
1807	14.66	16.659	18.233	19.98	22.843
1808	14.664	16.663	18.238	19.986	22.85
1809	14.668	16.668	18.244	19.993	22.858
1810	14.672	16.673	18.249	19.999	22.866
1811	14.676	16.677	18.254	20.005	22.873
1812	14.679	16.682	18.26	20.011	22.881
1813	14.683	16.687	18.265	20.017	22.889
1814	14.687	16.691	18.271	20.024	22.896
1815	14.691	16.696	18.276	20.03	22.904
1816	14.695	16.701	18.281	20.036	22.911
1817	14.699	16.706	18.287	20.042	22.919
1818	14.703	16.71	18.292	20.048	22.927
1819	14.707	16.715	18.298	20.055	22.934
1820	14.71	16.72	18.303	20.061	22.942
1821	14.714	16.725	18.308	20.067	22.95
1822	14.718	16.729	18.314	20.073	22.957
1823	14.722	16.734	18.319	20.079	22.965
1824	14.726	16.738	18.324	20.086	22.973
1825	14.73	16.743	18.33	20.092	22.98
1826	14.734	16.748	18.335	20.098	22.988
1827	14.737	16.753	18.341	20.104	22.995
1828	14.741	16.757	18.346	20.111	23.003
1829	14.745	16.762	18.351	20.117	23.011
1830	14.749	16.767	18.357	20.123	23.018
1831	14.753	16.771	18.362	20.129	23.026
1832	14.757	16.776	18.368	20.135	23.034
1833	14.761	16.781	18.373	20.142	23.041
1834	14.765	16.786	18.378	20.148	23.049
1835	14.768	16.79	18.384	20.154	23.057
1836	14.772	16.795	18.389	20.16	23.064
1837	14.776	16.8	18.395	20.166	23.072
1838	14.78	16.804	18.4	20.173	23.079
1839	14.784	16.809	18.405	20.179	23.087
1840	14.788	16.814	18.411	20.185	23.095
1841	14.792	16.818	18.416	20.191	23.102
1842	14.796	16.823	18.422	20.197	23.11
1843	14.8	16.828	18.427	20.203	23.117
1844	14.803	16.832	18.432	20.21	23.125
1845	14.807	16.837	18.438	20.216	23.133
1846	14.811	16.842	18.443	20.222	23.141
1847	14.815	16.846	18.448	20.228	23.148
1848	14.819	16.851	18.454	20.235	23.156
1849	14.823	16.856	18.459	20.241	23.163
1850	14.826	16.861	18.465	20.247	23.171
1851	14.83	16.865	18.47	20.253	23.179
1852	14.834	16.87	18.475	20.259	23.186
1853	14.838	16.875	18.481	20.266	23.194
1854	14.842	16.879	18.486	20.272	23.201
1855	14.846	16.884	18.491	20.278	23.209
1856	14.85	16.889	18.497	20.284	23.217
